{
 "cells": [
  {
   "cell_type": "markdown",
   "metadata": {},
   "source": [
    "## Debugging the `LabelModel` with deps + higher-order cliques"
   ]
  },
  {
   "cell_type": "code",
   "execution_count": 1,
   "metadata": {},
   "outputs": [
    {
     "name": "stderr",
     "output_type": "stream",
     "text": [
      "/lfs/1/annhe/anaconda3/envs/metal/lib/python3.6/importlib/_bootstrap.py:219: RuntimeWarning: numpy.dtype size changed, may indicate binary incompatibility. Expected 96, got 88\n",
      "  return f(*args, **kwds)\n"
     ]
    }
   ],
   "source": [
    "%matplotlib inline\n",
    "import sys\n",
    "sys.path.append(\"../\") # go to parent dir\n",
    "\n",
    "import numpy as np\n",
    "import torch\n",
    "import matplotlib.pyplot as plt\n",
    "import mpmath\n",
    "\n",
    "from synthetic.generate import SingleTaskTreeDepsGenerator\n",
    "from metal.label_model import LabelModel, CliqueTree\n",
    "from metal.label_model.utils import (\n",
    "    compute_mu,\n",
    "    compute_covariance,\n",
    "    compute_inv_covariance,\n",
    "    print_matrix,\n",
    "    visualize_matrix\n",
    ")"
   ]
  },
  {
   "cell_type": "markdown",
   "metadata": {},
   "source": [
    "### Generating a dataset"
   ]
  },
  {
   "cell_type": "code",
   "execution_count": 2,
   "metadata": {},
   "outputs": [
    {
     "name": "stdout",
     "output_type": "stream",
     "text": [
      "(0, 1)   [0.49239541]\n",
      "(1, 1)   [0.12333361]\n",
      "(2, 1)   [0.59469623]\n",
      "(3, 1)   [0.49179015]\n",
      "(4, 1)   [0.47833102]\n",
      "(5, 1)   [0.39730134]\n",
      "(6, 1)   [0.28418377]\n",
      "(7, 1)   [0.65734387]\n",
      "(8, 1)   [0.36968921]\n",
      "(9, 1)   [0.34014455]\n",
      "((0, 1), 1, 1)   [0.65902045]\n",
      "((1, 2), 1, 1)   [0.57622788]\n",
      "((2, 3), 1, 1)   [0.22112195]\n",
      "((3, 4), 1, 1)   [0.56222031]\n",
      "((4, 5), 1, 1)   [0.26599588]\n",
      "((5, 6), 1, 1)   [0.80680163]\n",
      "((6, 7), 1, 1)   [0.86857776]\n",
      "((7, 8), 1, 1)   [0.54481315]\n",
      "((8, 9), 1, 1)   [0.86190534]\n",
      "Labeler =  0\n",
      "P(L= 0 , Y= 1 ) =  0.277484719543213\n",
      "P(L= 1 , Y= 1 ) =  0.722515280456787\n",
      "Labeler =  1\n",
      "P(L= 0 , Y= 1 ) =  0.2678250016430602\n",
      "P(L= 1 , Y= 1 ) =  0.7321749983569398\n",
      "Labeler =  2\n",
      "P(L= 0 , Y= 1 ) =  0.23832420112429975\n",
      "P(L= 1 , Y= 1 ) =  0.7616757988757002\n",
      "Labeler =  3\n",
      "P(L= 0 , Y= 1 ) =  0.2564948790056145\n",
      "P(L= 1 , Y= 1 ) =  0.7435051209943855\n",
      "Labeler =  4\n",
      "P(L= 0 , Y= 1 ) =  0.2525536111911135\n",
      "P(L= 1 , Y= 1 ) =  0.7474463888088865\n",
      "Labeler =  5\n",
      "P(L= 0 , Y= 1 ) =  0.22492920043060005\n",
      "P(L= 1 , Y= 1 ) =  0.7750707995694001\n",
      "Labeler =  6\n",
      "P(L= 0 , Y= 1 ) =  0.1707157825440195\n",
      "P(L= 1 , Y= 1 ) =  0.8292842174559806\n",
      "Labeler =  7\n",
      "P(L= 0 , Y= 1 ) =  0.14691450756718816\n",
      "P(L= 1 , Y= 1 ) =  0.8530854924328118\n",
      "Labeler =  8\n",
      "P(L= 0 , Y= 1 ) =  0.19616992622570348\n",
      "P(L= 1 , Y= 1 ) =  0.8038300737742966\n",
      "Labeler =  9\n",
      "P(L= 0 , Y= 1 ) =  0.2673362011402971\n",
      "P(L= 1 , Y= 1 ) =  0.7326637988597031\n",
      "Labelers =  (0, 1)\n",
      "P(L_ 0 = 0 , L_ 1 = 0  | Y =  1 ) =  0.10159390585461901\n",
      "P(L_ 0 = 0 , L_ 1 = 1  | Y =  1 ) =  0.175890813688594\n",
      "P(L_ 0 = 1 , L_ 1 = 0  | Y =  1 ) =  0.16623109578844117\n",
      "P(L_ 0 = 1 , L_ 1 = 1  | Y =  1 ) =  0.5562841846683458\n",
      "Labelers =  (0, 2)\n",
      "P(L_ 0 = 0 , L_ 2 = 0  | Y =  1 ) =  0.06915053377232444\n",
      "P(L_ 0 = 0 , L_ 2 = 1  | Y =  1 ) =  0.20833418577088858\n",
      "P(L_ 0 = 1 , L_ 2 = 0  | Y =  1 ) =  0.16917366735197528\n",
      "P(L_ 0 = 1 , L_ 2 = 1  | Y =  1 ) =  0.5533416131048117\n",
      "Labelers =  (0, 3)\n",
      "P(L_ 0 = 0 , L_ 3 = 0  | Y =  1 ) =  0.07130410490039792\n",
      "P(L_ 0 = 0 , L_ 3 = 1  | Y =  1 ) =  0.20618061464281515\n",
      "P(L_ 0 = 1 , L_ 3 = 0  | Y =  1 ) =  0.18519077410521662\n",
      "P(L_ 0 = 1 , L_ 3 = 1  | Y =  1 ) =  0.5373245063515705\n",
      "Labelers =  (0, 4)\n",
      "P(L_ 0 = 0 , L_ 4 = 0  | Y =  1 ) =  0.07009442388584827\n",
      "P(L_ 0 = 0 , L_ 4 = 1  | Y =  1 ) =  0.2073902956573648\n",
      "P(L_ 0 = 1 , L_ 4 = 0  | Y =  1 ) =  0.1824591873052653\n",
      "P(L_ 0 = 1 , L_ 4 = 1  | Y =  1 ) =  0.5400560931515218\n",
      "Labelers =  (0, 5)\n",
      "P(L_ 0 = 0 , L_ 5 = 0  | Y =  1 ) =  0.062415118728315844\n",
      "P(L_ 0 = 0 , L_ 5 = 1  | Y =  1 ) =  0.2150696008148972\n",
      "P(L_ 0 = 1 , L_ 5 = 0  | Y =  1 ) =  0.1625140817022842\n",
      "P(L_ 0 = 1 , L_ 5 = 1  | Y =  1 ) =  0.5600011987545029\n",
      "Labelers =  (0, 6)\n",
      "P(L_ 0 = 0 , L_ 6 = 0  | Y =  1 ) =  0.04737111127063178\n",
      "P(L_ 0 = 0 , L_ 6 = 1  | Y =  1 ) =  0.2301136082725813\n",
      "P(L_ 0 = 1 , L_ 6 = 0  | Y =  1 ) =  0.12334467127338776\n",
      "P(L_ 0 = 1 , L_ 6 = 1  | Y =  1 ) =  0.5991706091833993\n",
      "Labelers =  (0, 7)\n",
      "P(L_ 0 = 0 , L_ 7 = 0  | Y =  1 ) =  0.040766542563315085\n",
      "P(L_ 0 = 0 , L_ 7 = 1  | Y =  1 ) =  0.23671817697989797\n",
      "P(L_ 0 = 1 , L_ 7 = 0  | Y =  1 ) =  0.10614796500387308\n",
      "P(L_ 0 = 1 , L_ 7 = 1  | Y =  1 ) =  0.616367315452914\n",
      "Labelers =  (0, 8)\n",
      "P(L_ 0 = 0 , L_ 8 = 0  | Y =  1 ) =  0.054434158070609986\n",
      "P(L_ 0 = 0 , L_ 8 = 1  | Y =  1 ) =  0.22305056147260302\n",
      "P(L_ 0 = 1 , L_ 8 = 0  | Y =  1 ) =  0.1417357681550935\n",
      "P(L_ 0 = 1 , L_ 8 = 1  | Y =  1 ) =  0.5807795123016934\n",
      "Labelers =  (0, 9)\n",
      "P(L_ 0 = 0 , L_ 9 = 0  | Y =  1 ) =  0.07418171100196595\n",
      "P(L_ 0 = 0 , L_ 9 = 1  | Y =  1 ) =  0.20330300854124714\n",
      "P(L_ 0 = 1 , L_ 9 = 0  | Y =  1 ) =  0.1931544901383311\n",
      "P(L_ 0 = 1 , L_ 9 = 1  | Y =  1 ) =  0.529360790318456\n",
      "Labelers =  (1, 2)\n",
      "P(L_ 1 = 0 , L_ 2 = 0  | Y =  1 ) =  0.0855346738158116\n",
      "P(L_ 1 = 0 , L_ 2 = 1  | Y =  1 ) =  0.1822903278272486\n",
      "P(L_ 1 = 1 , L_ 2 = 0  | Y =  1 ) =  0.15278952730848813\n",
      "P(L_ 1 = 1 , L_ 2 = 1  | Y =  1 ) =  0.5793854710484516\n",
      "Labelers =  (1, 3)\n",
      "P(L_ 1 = 0 , L_ 3 = 0  | Y =  1 ) =  0.06963532729788662\n",
      "P(L_ 1 = 0 , L_ 3 = 1  | Y =  1 ) =  0.19818967434517362\n",
      "P(L_ 1 = 1 , L_ 3 = 0  | Y =  1 ) =  0.1868595517077279\n",
      "P(L_ 1 = 1 , L_ 3 = 1  | Y =  1 ) =  0.5453154466492118\n",
      "Labelers =  (1, 4)\n",
      "P(L_ 1 = 0 , L_ 4 = 0  | Y =  1 ) =  0.06774553462635163\n",
      "P(L_ 1 = 0 , L_ 4 = 1  | Y =  1 ) =  0.2000794670167086\n",
      "P(L_ 1 = 1 , L_ 4 = 0  | Y =  1 ) =  0.18480807656476195\n",
      "P(L_ 1 = 1 , L_ 4 = 1  | Y =  1 ) =  0.5473669217921779\n",
      "Labelers =  (1, 5)\n",
      "P(L_ 1 = 0 , L_ 5 = 0  | Y =  1 ) =  0.060246714772337076\n",
      "P(L_ 1 = 0 , L_ 5 = 1  | Y =  1 ) =  0.20757828687072316\n",
      "P(L_ 1 = 1 , L_ 5 = 0  | Y =  1 ) =  0.16468248565826302\n",
      "P(L_ 1 = 1 , L_ 5 = 1  | Y =  1 ) =  0.567492512698677\n",
      "Labelers =  (1, 6)\n",
      "P(L_ 1 = 0 , L_ 6 = 0  | Y =  1 ) =  0.045722603414246284\n",
      "P(L_ 1 = 0 , L_ 6 = 1  | Y =  1 ) =  0.22210239822881397\n",
      "P(L_ 1 = 1 , L_ 6 = 0  | Y =  1 ) =  0.12499317912977324\n",
      "P(L_ 1 = 1 , L_ 6 = 1  | Y =  1 ) =  0.6071818192271666\n",
      "Labelers =  (1, 7)\n",
      "P(L_ 1 = 0 , L_ 7 = 0  | Y =  1 ) =  0.03934746187039449\n",
      "P(L_ 1 = 0 , L_ 7 = 1  | Y =  1 ) =  0.22847753977266572\n",
      "P(L_ 1 = 1 , L_ 7 = 0  | Y =  1 ) =  0.10756704569679368\n",
      "P(L_ 1 = 1 , L_ 7 = 1  | Y =  1 ) =  0.6246079526601462\n",
      "Labelers =  (1, 8)\n",
      "P(L_ 1 = 0 , L_ 8 = 0  | Y =  1 ) =  0.052539218786880476\n",
      "P(L_ 1 = 0 , L_ 8 = 1  | Y =  1 ) =  0.21528578285617972\n",
      "P(L_ 1 = 1 , L_ 8 = 0  | Y =  1 ) =  0.14363070743882303\n",
      "P(L_ 1 = 1 , L_ 8 = 1  | Y =  1 ) =  0.5885442909181167\n",
      "Labelers =  (1, 9)\n",
      "P(L_ 1 = 0 , L_ 9 = 0  | Y =  1 ) =  0.0715993199820025\n",
      "P(L_ 1 = 0 , L_ 9 = 1  | Y =  1 ) =  0.19622568166105778\n",
      "P(L_ 1 = 1 , L_ 9 = 0  | Y =  1 ) =  0.19573688115829455\n",
      "P(L_ 1 = 1 , L_ 9 = 1  | Y =  1 ) =  0.5364381171986453\n",
      "Labelers =  (2, 3)\n",
      "P(L_ 2 = 0 , L_ 3 = 0  | Y =  1 ) =  0.06898681215072335\n",
      "P(L_ 2 = 0 , L_ 3 = 1  | Y =  1 ) =  0.16933738897357642\n",
      "P(L_ 2 = 1 , L_ 3 = 0  | Y =  1 ) =  0.18750806685489116\n",
      "P(L_ 2 = 1 , L_ 3 = 1  | Y =  1 ) =  0.5741677320208091\n",
      "Labelers =  (2, 4)\n",
      "P(L_ 2 = 0 , L_ 4 = 0  | Y =  1 ) =  0.061070804098353526\n",
      "P(L_ 2 = 0 , L_ 4 = 1  | Y =  1 ) =  0.17725339702594622\n",
      "P(L_ 2 = 1 , L_ 4 = 0  | Y =  1 ) =  0.19148280709276003\n",
      "P(L_ 2 = 1 , L_ 4 = 1  | Y =  1 ) =  0.5701929917829403\n",
      "Labelers =  (2, 5)\n",
      "P(L_ 2 = 0 , L_ 5 = 0  | Y =  1 ) =  0.05364831663744939\n",
      "P(L_ 2 = 0 , L_ 5 = 1  | Y =  1 ) =  0.18467588448685038\n",
      "P(L_ 2 = 1 , L_ 5 = 0  | Y =  1 ) =  0.17128088379315068\n",
      "P(L_ 2 = 1 , L_ 5 = 1  | Y =  1 ) =  0.5903949150825496\n",
      "Labelers =  (2, 6)\n",
      "P(L_ 2 = 0 , L_ 6 = 0  | Y =  1 ) =  0.04069112743544266\n",
      "P(L_ 2 = 0 , L_ 6 = 1  | Y =  1 ) =  0.1976330736888571\n",
      "P(L_ 2 = 1 , L_ 6 = 0  | Y =  1 ) =  0.13002465510857686\n",
      "P(L_ 2 = 1 , L_ 6 = 1  | Y =  1 ) =  0.6316511437671234\n",
      "Labelers =  (2, 7)\n",
      "P(L_ 2 = 0 , L_ 7 = 0  | Y =  1 ) =  0.03501398213987054\n",
      "P(L_ 2 = 0 , L_ 7 = 1  | Y =  1 ) =  0.20331021898442925\n",
      "P(L_ 2 = 1 , L_ 7 = 0  | Y =  1 ) =  0.11190052542731763\n",
      "P(L_ 2 = 1 , L_ 7 = 1  | Y =  1 ) =  0.6497752734483827\n",
      "Labelers =  (2, 8)\n",
      "P(L_ 2 = 0 , L_ 8 = 0  | Y =  1 ) =  0.046752107632913056\n",
      "P(L_ 2 = 0 , L_ 8 = 1  | Y =  1 ) =  0.19157209349138668\n",
      "P(L_ 2 = 1 , L_ 8 = 0  | Y =  1 ) =  0.14941781859279044\n",
      "P(L_ 2 = 1 , L_ 8 = 1  | Y =  1 ) =  0.6122579802829098\n",
      "Labelers =  (2, 9)\n",
      "P(L_ 2 = 0 , L_ 9 = 0  | Y =  1 ) =  0.0637126988818393\n",
      "P(L_ 2 = 0 , L_ 9 = 1  | Y =  1 ) =  0.17461150224246053\n",
      "P(L_ 2 = 1 , L_ 9 = 0  | Y =  1 ) =  0.20362350225845777\n",
      "P(L_ 2 = 1 , L_ 9 = 1  | Y =  1 ) =  0.5580522966172425\n",
      "Labelers =  (3, 4)\n",
      "P(L_ 3 = 0 , L_ 4 = 0  | Y =  1 ) =  0.08616401592007601\n",
      "P(L_ 3 = 0 , L_ 4 = 1  | Y =  1 ) =  0.1703308630855385\n",
      "P(L_ 3 = 1 , L_ 4 = 0  | Y =  1 ) =  0.16638959527103753\n",
      "P(L_ 3 = 1 , L_ 4 = 1  | Y =  1 ) =  0.5771155257233478\n",
      "Labelers =  (3, 5)\n",
      "P(L_ 3 = 0 , L_ 5 = 0  | Y =  1 ) =  0.05871843647480071\n",
      "P(L_ 3 = 0 , L_ 5 = 1  | Y =  1 ) =  0.19777644253081383\n",
      "P(L_ 3 = 1 , L_ 5 = 0  | Y =  1 ) =  0.16621076395579934\n",
      "P(L_ 3 = 1 , L_ 5 = 1  | Y =  1 ) =  0.5772943570385862\n",
      "Labelers =  (3, 6)\n",
      "P(L_ 3 = 0 , L_ 6 = 0  | Y =  1 ) =  0.04391938360622883\n",
      "P(L_ 3 = 0 , L_ 6 = 1  | Y =  1 ) =  0.21257549539938567\n",
      "P(L_ 3 = 1 , L_ 6 = 0  | Y =  1 ) =  0.12679639893779068\n",
      "P(L_ 3 = 1 , L_ 6 = 1  | Y =  1 ) =  0.6167087220565948\n",
      "Labelers =  (3, 7)\n",
      "P(L_ 3 = 0 , L_ 7 = 0  | Y =  1 ) =  0.03769979499533799\n",
      "P(L_ 3 = 0 , L_ 7 = 1  | Y =  1 ) =  0.21879508401027656\n",
      "P(L_ 3 = 1 , L_ 7 = 0  | Y =  1 ) =  0.10921471257185014\n",
      "P(L_ 3 = 1 , L_ 7 = 1  | Y =  1 ) =  0.6342904084225354\n",
      "Labelers =  (3, 8)\n",
      "P(L_ 3 = 0 , L_ 8 = 0  | Y =  1 ) =  0.05031819978340552\n",
      "P(L_ 3 = 0 , L_ 8 = 1  | Y =  1 ) =  0.20617667922220895\n",
      "P(L_ 3 = 1 , L_ 8 = 0  | Y =  1 ) =  0.145851726442298\n",
      "P(L_ 3 = 1 , L_ 8 = 1  | Y =  1 ) =  0.5976533945520873\n",
      "Labelers =  (3, 9)\n",
      "P(L_ 3 = 0 , L_ 9 = 0  | Y =  1 ) =  0.06857066540487217\n",
      "P(L_ 3 = 0 , L_ 9 = 1  | Y =  1 ) =  0.18792421360074238\n",
      "P(L_ 3 = 1 , L_ 9 = 0  | Y =  1 ) =  0.19876553573542485\n",
      "P(L_ 3 = 1 , L_ 9 = 1  | Y =  1 ) =  0.5447395852589607\n",
      "Labelers =  (4, 5)\n",
      "P(L_ 4 = 0 , L_ 5 = 0  | Y =  1 ) =  0.06585665377273231\n",
      "P(L_ 4 = 0 , L_ 5 = 1  | Y =  1 ) =  0.18669695741838124\n",
      "P(L_ 4 = 1 , L_ 5 = 0  | Y =  1 ) =  0.15907254665786777\n",
      "P(L_ 4 = 1 , L_ 5 = 1  | Y =  1 ) =  0.5883738421510188\n",
      "Labelers =  (4, 6)\n"
     ]
    },
    {
     "name": "stdout",
     "output_type": "stream",
     "text": [
      "P(L_ 4 = 0 , L_ 6 = 0  | Y =  1 ) =  0.04427706018601464\n",
      "P(L_ 4 = 0 , L_ 6 = 1  | Y =  1 ) =  0.20827655100509887\n",
      "P(L_ 4 = 1 , L_ 6 = 0  | Y =  1 ) =  0.12643872235800485\n",
      "P(L_ 4 = 1 , L_ 6 = 1  | Y =  1 ) =  0.6210076664508817\n",
      "Labelers =  (4, 7)\n",
      "P(L_ 4 = 0 , L_ 7 = 0  | Y =  1 ) =  0.03725363964606395\n",
      "P(L_ 4 = 0 , L_ 7 = 1  | Y =  1 ) =  0.2152999715450496\n",
      "P(L_ 4 = 1 , L_ 7 = 0  | Y =  1 ) =  0.10966086792112419\n",
      "P(L_ 4 = 1 , L_ 7 = 1  | Y =  1 ) =  0.6377855208877624\n",
      "Labelers =  (4, 8)\n",
      "P(L_ 4 = 0 , L_ 8 = 0  | Y =  1 ) =  0.049557708099677765\n",
      "P(L_ 4 = 0 , L_ 8 = 1  | Y =  1 ) =  0.20299590309143573\n",
      "P(L_ 4 = 1 , L_ 8 = 0  | Y =  1 ) =  0.14661221812602573\n",
      "P(L_ 4 = 1 , L_ 8 = 1  | Y =  1 ) =  0.6008341706828607\n",
      "Labelers =  (4, 9)\n",
      "P(L_ 4 = 0 , L_ 9 = 0  | Y =  1 ) =  0.0675193608873296\n",
      "P(L_ 4 = 0 , L_ 9 = 1  | Y =  1 ) =  0.18503425030378398\n",
      "P(L_ 4 = 1 , L_ 9 = 0  | Y =  1 ) =  0.19981684025296745\n",
      "P(L_ 4 = 1 , L_ 9 = 1  | Y =  1 ) =  0.5476295485559193\n",
      "Labelers =  (5, 6)\n",
      "P(L_ 5 = 0 , L_ 6 = 0  | Y =  1 ) =  0.060786727187192455\n",
      "P(L_ 5 = 0 , L_ 6 = 1  | Y =  1 ) =  0.1641424732434076\n",
      "P(L_ 5 = 1 , L_ 6 = 0  | Y =  1 ) =  0.10992905535682707\n",
      "P(L_ 5 = 1 , L_ 6 = 1  | Y =  1 ) =  0.6651417442125731\n",
      "Labelers =  (5, 7)\n",
      "P(L_ 5 = 0 , L_ 7 = 0  | Y =  1 ) =  0.03593203430473658\n",
      "P(L_ 5 = 0 , L_ 7 = 1  | Y =  1 ) =  0.18899716612586348\n",
      "P(L_ 5 = 1 , L_ 7 = 0  | Y =  1 ) =  0.11098247326245159\n",
      "P(L_ 5 = 1 , L_ 7 = 1  | Y =  1 ) =  0.6640883263069486\n",
      "Labelers =  (5, 8)\n",
      "P(L_ 5 = 0 , L_ 8 = 0  | Y =  1 ) =  0.04439952339878205\n",
      "P(L_ 5 = 0 , L_ 8 = 1  | Y =  1 ) =  0.18052967703181802\n",
      "P(L_ 5 = 1 , L_ 8 = 0  | Y =  1 ) =  0.15177040282692145\n",
      "P(L_ 5 = 1 , L_ 8 = 1  | Y =  1 ) =  0.6233003967424785\n",
      "Labelers =  (5, 9)\n",
      "P(L_ 5 = 0 , L_ 9 = 0  | Y =  1 ) =  0.06018253346922105\n",
      "P(L_ 5 = 0 , L_ 9 = 1  | Y =  1 ) =  0.16474666696137905\n",
      "P(L_ 5 = 1 , L_ 9 = 0  | Y =  1 ) =  0.20715366767107607\n",
      "P(L_ 5 = 1 , L_ 9 = 1  | Y =  1 ) =  0.5679171318983243\n",
      "Labelers =  (6, 7)\n",
      "P(L_ 6 = 0 , L_ 7 = 0  | Y =  1 ) =  0.04333486509557767\n",
      "P(L_ 6 = 0 , L_ 7 = 1  | Y =  1 ) =  0.12738091744844182\n",
      "P(L_ 6 = 1 , L_ 7 = 0  | Y =  1 ) =  0.10357964247161051\n",
      "P(L_ 6 = 1 , L_ 7 = 1  | Y =  1 ) =  0.7257045749843701\n",
      "Labelers =  (6, 8)\n",
      "P(L_ 6 = 0 , L_ 8 = 0  | Y =  1 ) =  0.03522943073721054\n",
      "P(L_ 6 = 0 , L_ 8 = 1  | Y =  1 ) =  0.13548635180680896\n",
      "P(L_ 6 = 1 , L_ 8 = 0  | Y =  1 ) =  0.16094049548849296\n",
      "P(L_ 6 = 1 , L_ 8 = 1  | Y =  1 ) =  0.6683437219674876\n",
      "Labelers =  (6, 9)\n",
      "P(L_ 6 = 0 , L_ 9 = 0  | Y =  1 ) =  0.04595984714986288\n",
      "P(L_ 6 = 0 , L_ 9 = 1  | Y =  1 ) =  0.12475593539415665\n",
      "P(L_ 6 = 1 , L_ 9 = 0  | Y =  1 ) =  0.2213763539904342\n",
      "P(L_ 6 = 1 , L_ 9 = 1  | Y =  1 ) =  0.6079078634655466\n",
      "Labelers =  (7, 8)\n",
      "P(L_ 7 = 0 , L_ 8 = 0  | Y =  1 ) =  0.040767645061777984\n",
      "P(L_ 7 = 0 , L_ 8 = 1  | Y =  1 ) =  0.10614686250541021\n",
      "P(L_ 7 = 1 , L_ 8 = 0  | Y =  1 ) =  0.15540228116392546\n",
      "P(L_ 7 = 1 , L_ 8 = 1  | Y =  1 ) =  0.6976832112688863\n",
      "Labelers =  (7, 9)\n",
      "P(L_ 7 = 0 , L_ 9 = 0  | Y =  1 ) =  0.041481823194346464\n",
      "P(L_ 7 = 0 , L_ 9 = 1  | Y =  1 ) =  0.10543268437284173\n",
      "P(L_ 7 = 1 , L_ 9 = 0  | Y =  1 ) =  0.22585437794595056\n",
      "P(L_ 7 = 1 , L_ 9 = 1  | Y =  1 ) =  0.6272311144868614\n",
      "Labelers =  (8, 9)\n",
      "P(L_ 8 = 0 , L_ 9 = 0  | Y =  1 ) =  0.08156242653870527\n",
      "P(L_ 8 = 0 , L_ 9 = 1  | Y =  1 ) =  0.11460749968699822\n",
      "P(L_ 8 = 1 , L_ 9 = 0  | Y =  1 ) =  0.18577377460159178\n",
      "P(L_ 8 = 1 , L_ 9 = 1  | Y =  1 ) =  0.6180562991727049\n",
      "[[0.72251528 0.55628418 0.55334161 0.53732451 0.54005609 0.5600012\n",
      "  0.59917061 0.61636732 0.58077951 0.52936079 0.41707623 0.41712091\n",
      "  0.44019937 0.42512063 0.55628418 0.52433272 0.44655512 0.50408679\n",
      "  0.48057568]\n",
      " [0.55628418 0.732175   0.57938547 0.54531545 0.54736692 0.56749251\n",
      "  0.60718182 0.62460795 0.58854429 0.53643812 0.42327887 0.43675333\n",
      "  0.57938547 0.43087556 0.55628418 0.53134331 0.45252538 0.51082627\n",
      "  0.48700449]\n",
      " [0.55334161 0.57938547 0.7616758  0.57416773 0.57019299 0.59039492\n",
      "  0.63165114 0.64977527 0.61225798 0.5580523  0.44567428 0.57416773\n",
      "  0.57938547 0.44884375 0.44019937 0.55275636 0.47075858 0.53140899\n",
      "  0.50665862]\n",
      " [0.53732451 0.54531545 0.57416773 0.74350512 0.57711553 0.57729436\n",
      "  0.61670872 0.63429041 0.59765339 0.54473959 0.57711553 0.57416773\n",
      "  0.43675333 0.45429302 0.41431401 0.53968028 0.45952927 0.51874492\n",
      "  0.49541613]\n",
      " [0.54005609 0.54736692 0.57019299 0.57711553 0.74744639 0.58837384\n",
      "  0.62100767 0.63778552 0.60083417 0.54762955 0.57711553 0.44567428\n",
      "  0.43372986 0.58837384 0.41587266 0.54344228 0.46197493 0.52160335\n",
      "  0.5049242 ]\n",
      " [0.5600012  0.56749251 0.59039492 0.57729436 0.58837384 0.7750708\n",
      "  0.66514174 0.66408833 0.6233004  0.56791713 0.45429302 0.44581239\n",
      "  0.44909689 0.58837384 0.43116347 0.5820639  0.47924897 0.54311471\n",
      "  0.66514174]\n",
      " [0.59917061 0.60718182 0.63165114 0.61670872 0.62100767 0.66514174\n",
      "  0.82928422 0.72570457 0.66834372 0.60790786 0.47949013 0.47624991\n",
      "  0.48047935 0.5049242  0.46131819 0.72570457 0.5138823  0.59350663\n",
      "  0.66514174]\n",
      " [0.61636732 0.62460795 0.64977527 0.63429041 0.63778552 0.66408833\n",
      "  0.72570457 0.85308549 0.69768321 0.62723111 0.49244458 0.48982727\n",
      "  0.49426587 0.50412453 0.47455803 0.72570457 0.53644112 0.69768321\n",
      "  0.5820639 ]\n",
      " [0.58077951 0.58854429 0.61225798 0.59765339 0.60083417 0.6233004\n",
      "  0.66834372 0.69768321 0.80383007 0.6180563  0.46391385 0.46153454\n",
      "  0.46572752 0.47316148 0.44715796 0.59350663 0.6180563  0.69768321\n",
      "  0.53605664]\n",
      " [0.52936079 0.53643812 0.5580523  0.54473959 0.54762955 0.56791713\n",
      "  0.60790786 0.62723111 0.6180563  0.7326638  0.42283369 0.42067214\n",
      "  0.42449477 0.43111879 0.40756929 0.53357429 0.6180563  0.53644112\n",
      "  0.48758301]\n",
      " [0.41707623 0.42327887 0.44567428 0.57711553 0.57711553 0.45429302\n",
      "  0.47949013 0.49244458 0.46391385 0.42283369 0.57711553 0.44567428\n",
      "  0.33901196 0.45429302 0.32159435 0.41960063 0.35669837 0.40273844\n",
      "  0.3898602 ]\n",
      " [0.41712091 0.43675333 0.57416773 0.57416773 0.44567428 0.44581239\n",
      "  0.47624991 0.48982727 0.46153454 0.42067214 0.44567428 0.57416773\n",
      "  0.43675333 0.35082528 0.33183183 0.41676512 0.35486894 0.40059791\n",
      "  0.38258238]\n",
      " [0.44019937 0.57938547 0.57938547 0.43675333 0.43372986 0.44909689\n",
      "  0.48047935 0.49426587 0.46572752 0.42449477 0.33901196 0.43675333\n",
      "  0.57938547 0.34142288 0.44019937 0.4204663  0.35809288 0.40422795\n",
      "  0.38540104]\n",
      " [0.42512063 0.43087556 0.44884375 0.45429302 0.58837384 0.58837384\n",
      "  0.5049242  0.50412453 0.47316148 0.43111879 0.45429302 0.35082528\n",
      "  0.34142288 0.58837384 0.32736608 0.44185792 0.36380878 0.4122907\n",
      "  0.5049242 ]\n",
      " [0.55628418 0.55628418 0.44019937 0.41431401 0.41587266 0.43116347\n",
      "  0.46131819 0.47455803 0.44715796 0.40756929 0.32159435 0.33183183\n",
      "  0.44019937 0.32736608 0.55628418 0.40369841 0.34381495 0.38811019\n",
      "  0.37001113]\n",
      " [0.52433272 0.53134331 0.55275636 0.53968028 0.54344228 0.5820639\n",
      "  0.72570457 0.72570457 0.59350663 0.53357429 0.41960063 0.41676512\n",
      "  0.4204663  0.44185792 0.40369841 0.72570457 0.45634087 0.59350663\n",
      "  0.5820639 ]\n",
      " [0.44655512 0.45252538 0.47075858 0.45952927 0.46197493 0.47924897\n",
      "  0.5138823  0.53644112 0.6180563  0.6180563  0.35669837 0.35486894\n",
      "  0.35809288 0.36380878 0.34381495 0.45634087 0.6180563  0.53644112\n",
      "  0.41216818]\n",
      " [0.50408679 0.51082627 0.53140899 0.51874492 0.52160335 0.54311471\n",
      "  0.59350663 0.69768321 0.69768321 0.53644112 0.40273844 0.40059791\n",
      "  0.40422795 0.4122907  0.38811019 0.59350663 0.53644112 0.69768321\n",
      "  0.47603226]\n",
      " [0.48057568 0.48700449 0.50665862 0.49541613 0.5049242  0.66514174\n",
      "  0.66514174 0.5820639  0.53605664 0.48758301 0.3898602  0.38258238\n",
      "  0.38540104 0.5049242  0.37001113 0.5820639  0.41216818 0.47603226\n",
      "  0.66514174]]\n",
      "\n",
      "Condition number =  1018.1699180955213 \n",
      "\n",
      "[[0.72251528]\n",
      " [0.732175  ]\n",
      " [0.7616758 ]\n",
      " [0.74350512]\n",
      " [0.74744639]\n",
      " [0.7750708 ]\n",
      " [0.82928422]\n",
      " [0.85308549]\n",
      " [0.80383007]\n",
      " [0.7326638 ]\n",
      " [0.57711553]\n",
      " [0.57416773]\n",
      " [0.57938547]\n",
      " [0.58837384]\n",
      " [0.55628418]\n",
      " [0.72570457]\n",
      " [0.6180563 ]\n",
      " [0.69768321]\n",
      " [0.66514174]]\n",
      "[1.]\n",
      "sig\n",
      " [[2.00486950e-01 2.72765604e-02 3.01920966e-03 1.30695335e-04\n",
      "  1.46559149e-05 7.02629752e-07 9.02298042e-08 1.16342046e-08\n",
      "  1.10905773e-09 2.04802397e-10 1.01446923e-04 2.27594571e-03\n",
      "  2.15845158e-02 1.15368233e-05 1.54360361e-01 7.89598793e-08\n",
      "  8.52742599e-10 9.51486012e-09 6.02975081e-07]\n",
      " [2.72765604e-02 1.96094770e-01 2.17054943e-02 9.39585907e-04\n",
      "  1.05363294e-04 5.05129744e-06 6.48673898e-07 8.36398231e-08\n",
      "  7.97316235e-09 1.47235291e-09 7.29315238e-04 1.63620722e-02\n",
      "  1.55173915e-01 8.29397360e-05 1.48986813e-01 5.67652929e-07\n",
      "  6.13047890e-09 6.84035784e-08 4.33486695e-06]\n",
      " [3.01920966e-03 2.17054943e-02 1.81525776e-01 7.85787502e-03\n",
      "  8.81166470e-04 4.22446353e-05 5.42494133e-06 6.99490351e-07\n",
      "  6.66805594e-08 1.23134728e-08 6.09935499e-03 1.36838066e-01\n",
      "  1.38081580e-01 6.93635436e-04 1.64911711e-02 4.74735279e-06\n",
      "  5.12699652e-08 5.72067722e-07 3.62530370e-05]\n",
      " [1.30695335e-04 9.39585907e-04 7.85787502e-03 1.90705256e-01\n",
      "  2.13853080e-02 1.02524843e-03 1.31659618e-04 1.69761527e-05\n",
      "  1.61829160e-06 2.98839571e-07 1.48027177e-01 1.47271083e-01\n",
      "  5.97726569e-03 1.68340579e-02 7.13868653e-04 1.15215007e-04\n",
      "  1.24428701e-06 1.38836926e-05 8.79836431e-04]\n",
      " [1.46559149e-05 1.05363294e-04 8.81166470e-04 2.13853080e-02\n",
      "  1.88770285e-01 9.04997194e-03 1.16217282e-03 1.49850224e-04\n",
      "  1.42848243e-05 2.63788723e-06 1.45752610e-01 1.65146862e-02\n",
      "  6.70278682e-04 1.48595939e-01 8.00518104e-05 1.01701457e-03\n",
      "  1.09834478e-05 1.22552764e-04 7.76640550e-03]\n",
      " [7.02629752e-07 5.05129744e-06 4.22446353e-05 1.02524843e-03\n",
      "  9.04997194e-03 1.74336055e-01 2.23877627e-02 2.88667159e-03\n",
      "  2.75178744e-04 5.08155006e-05 6.98763068e-03 7.91742446e-04\n",
      "  3.21343122e-05 1.32342458e-01 3.83782140e-06 1.95914760e-02\n",
      "  2.11581977e-04 2.36082118e-03 1.49609801e-01]\n",
      " [9.02298043e-08 6.48673898e-07 5.42494133e-06 1.31659618e-04\n",
      "  1.16217282e-03 2.23877627e-02 1.41571904e-01 1.82542400e-02\n",
      "  1.74012827e-03 3.21338370e-04 8.97332553e-04 1.01673415e-04\n",
      "  4.12660110e-06 1.69950590e-02 4.92842601e-07 1.23889224e-01\n",
      "  1.33796591e-03 1.49289571e-02 1.13550193e-01]\n",
      " [1.16342047e-08 8.36398231e-08 6.99490351e-07 1.69761527e-05\n",
      "  1.49850224e-04 2.88667159e-03 1.82542400e-02 1.25330635e-01\n",
      "  1.19474370e-02 2.20625685e-03 1.15701797e-04 1.31097404e-05\n",
      "  5.32082740e-07 2.19133794e-03 6.35469810e-08 1.06616530e-01\n",
      "  9.18625579e-03 1.02499785e-01 1.46411288e-02]\n",
      " [1.10905773e-09 7.97316224e-09 6.66805593e-08 1.61829160e-06\n",
      "  1.42848243e-05 2.75178744e-04 1.74012827e-03 1.19474370e-02\n",
      "  1.57687286e-01 2.91191037e-02 1.10295454e-05 1.24971677e-06\n",
      "  5.07220361e-08 2.08894433e-04 6.05776496e-09 1.01634710e-02\n",
      "  1.21244059e-01 1.36864464e-01 1.39569996e-03]\n",
      " [2.04802508e-10 1.47235291e-09 1.23134728e-08 2.98839571e-07\n",
      "  2.63788723e-06 5.08155006e-05 3.21338370e-04 2.20625685e-03\n",
      "  2.91191037e-02 1.95867557e-01 2.03675568e-06 2.30777212e-07\n",
      "  9.36651434e-09 3.85752003e-05 1.11864878e-09 1.87682325e-03\n",
      "  1.65228823e-01 2.52738861e-02 2.57734995e-04]\n",
      " [1.01446923e-04 7.29315238e-04 6.09935499e-03 1.48027177e-01\n",
      "  1.45752610e-01 6.98763068e-03 8.97332553e-04 1.15701797e-04\n",
      "  1.10295454e-05 2.03675568e-06 2.44053196e-01 1.14313172e-01\n",
      "  4.63960870e-03 1.14733343e-01 5.54111426e-04 7.85253506e-04\n",
      "  8.48049884e-06 9.46249845e-05 5.99656813e-03]\n",
      " [2.27594571e-03 1.63620722e-02 1.36838066e-01 1.47271083e-01\n",
      "  1.65146862e-02 7.91742446e-04 1.01673415e-04 1.31097404e-05\n",
      "  1.24971677e-06 2.30777212e-07 1.14313172e-01 2.44499148e-01\n",
      "  1.04088889e-01 1.30000085e-02 1.24314023e-02 8.89741545e-05\n",
      "  9.60893786e-07 1.07216051e-05 6.79448835e-04]\n",
      " [2.15845158e-02 1.55173915e-01 1.38081580e-01 5.97726569e-03\n",
      "  6.70278682e-04 3.21343122e-05 4.12660110e-06 5.32082740e-07\n",
      "  5.07220361e-08 9.36651434e-09 4.63960870e-03 1.04088889e-01\n",
      "  2.43697947e-01 5.27629070e-04 1.17896397e-01 3.61117845e-06\n",
      "  3.89996281e-08 4.35155911e-07 2.75766710e-05]\n",
      " [1.15368233e-05 8.29397360e-05 6.93635436e-04 1.68340579e-02\n",
      "  1.48595939e-01 1.32342458e-01 1.69950590e-02 2.19133794e-03\n",
      "  2.08894433e-04 3.85752003e-05 1.14733343e-01 1.30000085e-02\n",
      "  5.27629070e-04 2.42190064e-01 6.30150764e-05 1.48723342e-02\n",
      "  1.60616683e-04 1.79215296e-03 1.13572197e-01]\n",
      " [1.54360361e-01 1.48986813e-01 1.64911711e-02 7.13868653e-04\n",
      "  8.00518104e-05 3.83782140e-06 4.92842601e-07 6.35469810e-08\n",
      "  6.05776507e-09 1.11864873e-09 5.54111426e-04 1.24314023e-02\n",
      "  1.17896397e-01 6.30150764e-05 2.46832091e-01 4.31285345e-07\n",
      "  4.65775046e-09 5.19709480e-08 3.29349941e-06]\n",
      " [7.89598794e-08 5.67652929e-07 4.74735279e-06 1.15215007e-04\n",
      "  1.01701457e-03 1.95914760e-02 1.23889224e-01 1.06616530e-01\n",
      "  1.01634710e-02 1.87682325e-03 7.85253506e-04 8.89741545e-05\n",
      "  3.61117845e-06 1.48723342e-02 4.31285345e-07 1.99057445e-01\n",
      "  7.81458354e-03 8.71947347e-02 9.93674944e-02]\n",
      " [8.52742710e-10 6.13047896e-09 5.12699652e-08 1.24428701e-06\n",
      "  1.09834478e-05 2.11581977e-04 1.33796591e-03 9.18625579e-03\n",
      "  1.21244059e-01 1.65228823e-01 8.48049884e-06 9.60893786e-07\n",
      "  3.89996281e-08 1.60616683e-04 4.65775046e-09 7.81458354e-03\n",
      "  2.36062710e-01 1.05233615e-01 1.07313869e-03]\n",
      " [9.51486023e-09 6.84035784e-08 5.72067722e-07 1.38836926e-05\n",
      "  1.22552764e-04 2.36082118e-03 1.49289571e-02 1.02499785e-01\n",
      "  1.36864464e-01 2.52738861e-02 9.46249845e-05 1.07216051e-05\n",
      "  4.35155911e-07 1.79215296e-03 5.19709480e-08 8.71947347e-02\n",
      "  1.05233615e-01 2.10921348e-01 1.19740282e-02]\n",
      " [6.02975081e-07 4.33486695e-06 3.62530370e-05 8.79836431e-04\n",
      "  7.76640550e-03 1.49609801e-01 1.13550193e-01 1.46411288e-02\n",
      "  1.39569996e-03 2.57734995e-04 5.99656813e-03 6.79448835e-04\n",
      "  2.75766710e-05 1.13572197e-01 3.29349941e-06 9.93674944e-02\n",
      "  1.07313869e-03 1.19740282e-02 2.22728204e-01]]\n",
      "\n",
      "Condition number =  83.43970763124439 \n",
      "\n",
      "moment of truth!!!\n",
      "note this is with the joint form!\n"
     ]
    },
    {
     "name": "stderr",
     "output_type": "stream",
     "text": [
      "../synthetic/generate.py:610: RuntimeWarning: divide by zero encountered in true_divide\n",
      "  p = np.ones(self.k+1) * (1 - prob_y - prob_0) / (self.k - 1)\n",
      "../synthetic/generate.py:610: RuntimeWarning: invalid value encountered in true_divide\n",
      "  p = np.ones(self.k+1) * (1 - prob_y - prob_0) / (self.k - 1)\n"
     ]
    }
   ],
   "source": [
    "# Generate synthetic dataset\n",
    "np.random.seed(2)\n",
    "N = 10000\n",
    "M = 10\n",
    "K = 1\n",
    "EDGE_PROB=1.0\n",
    "data = SingleTaskTreeDepsGenerator(N, M, k=K, edge_prob=EDGE_PROB)\n",
    "\n"
   ]
  },
  {
   "cell_type": "code",
   "execution_count": 3,
   "metadata": {},
   "outputs": [
    {
     "data": {
