{
 "cells": [
  {
   "cell_type": "code",
   "execution_count": 1,
   "metadata": {},
   "outputs": [
    {
     "name": "stderr",
     "output_type": "stream",
     "text": [
      "/lfs/1/annhe/anaconda3/envs/metal/lib/python3.6/importlib/_bootstrap.py:219: RuntimeWarning: numpy.dtype size changed, may indicate binary incompatibility. Expected 96, got 88\n",
      "  return f(*args, **kwds)\n"
     ]
    }
   ],
   "source": [
    "from data_gen_utils import *\n",
    "import sys\n",
    "sys.path.append(\"../\") # go to parent dir\n",
    "\n",
    "import numpy as np\n",
    "import torch\n",
    "import matplotlib.pyplot as plt\n",
    "import mpmath\n",
    "\n",
    "from synthetic.generate import SingleTaskTreeDepsGenerator\n",
    "from metal.label_model import LabelModel, CliqueTree\n",
    "from metal.label_model.utils import (\n",
    "    compute_mu,\n",
    "    compute_covariance,\n",
    "    compute_inv_covariance,\n",
    "    print_matrix,\n",
    "    visualize_matrix\n",
    ")"
   ]
  },
  {
   "cell_type": "code",
   "execution_count": 2,
   "metadata": {},
   "outputs": [],
   "source": [
    "M = 6\n",
    "n = 10000\n",
    "K = 1\n",
    "dg = DataGenerator(M,n)"
   ]
  },
  {
   "cell_type": "code",
   "execution_count": 3,
   "metadata": {},
   "outputs": [],
   "source": [
    "dg.generate_O(k=3)"
   ]
  },
  {
   "cell_type": "code",
   "execution_count": 4,
   "metadata": {},
   "outputs": [
    {
     "name": "stdout",
     "output_type": "stream",
     "text": [
      "[(0, 1), (2, 3), (4, 5)]\n"
     ]
    }
   ],
   "source": [
    "print(dg.deps)"
   ]
  },
  {
   "cell_type": "code",
   "execution_count": 5,
   "metadata": {},
   "outputs": [
    {
     "name": "stdout",
     "output_type": "stream",
     "text": [
      "[(0, 1), (2, 3), (4, 5)]\n"
     ]
    }
   ],
   "source": [
    "# remove deps\n",
    "print(dg.deps_no_diag)"
   ]
  },
  {
   "cell_type": "code",
   "execution_count": 6,
   "metadata": {},
   "outputs": [
    {
     "name": "stdout",
     "output_type": "stream",
     "text": [
      "[[-1.  1. -1. ...  1.  1. -1.]\n",
      " [-1.  1. -1. ...  1.  1. -1.]\n",
      " [ 1.  1. -1. ...  1.  1.  1.]\n",
      " [-1.  1. -1. ...  1. -1. -1.]\n",
      " [-1.  1. -1. ...  1. -1. -1.]\n",
      " [-1.  1. -1. ...  1.  1. -1.]]\n"
     ]
    }
   ],
   "source": [
    "print(dg.L)\n",
    "\n",
    "w,h = (dg.L).shape\n",
    "L = np.zeros((w,h),dtype=float)\n",
    "for i in range(w):\n",
    "    for j in range(h):\n",
    "        if dg.L[i,j] > 0:\n",
    "            L[i,j] = 1\n",
    "        else:\n",
    "            L[i,j] = 0"
   ]
  },
  {
   "cell_type": "code",
   "execution_count": 7,
   "metadata": {},
   "outputs": [
    {
     "name": "stdout",
     "output_type": "stream",
     "text": [
      "[[0. 1. 0. ... 1. 1. 0.]\n",
      " [0. 1. 0. ... 1. 1. 0.]\n",
      " [1. 1. 0. ... 1. 1. 1.]\n",
      " [0. 1. 0. ... 1. 0. 0.]\n",
      " [0. 1. 0. ... 1. 0. 0.]\n",
      " [0. 1. 0. ... 1. 1. 0.]]\n",
      "[(0, 1), (2, 3), (4, 5)]\n"
     ]
    }
   ],
   "source": [
    "print(L)\n",
    "print(dg.deps_no_diag)"
   ]
  },
  {
   "cell_type": "code",
   "execution_count": 8,
   "metadata": {},
   "outputs": [],
   "source": [
    "lm = LabelModel(k=1)\n",
    "lm.config['higher_order_cliques'] = False\n",
    "lm.config['verbose'] = True"
   ]
  },
  {
   "cell_type": "code",
   "execution_count": 9,
   "metadata": {},
   "outputs": [
    {
     "name": "stdout",
     "output_type": "stream",
     "text": [
      "I GOT HERE\n",
      "I GOT HERE 2\n",
      "I GOT HERE 3\n",
      "INIT 1\n",
      "GET CLIQUE TREE 1\n",
      "GET CLIQUE TREE 2\n",
      "GET CLIQUE TREE 3\n",
      "GET CLIQUE TREE 4\n",
      "GET CLIQUE TREE 5\n",
      "INIT 2\n",
      "CLIQUE TREE 1\n",
      "START INDEX:  9\n",
      "I GOT HERE 4\n",
      "L AUG SAHPE:  (10000, 9)\n",
      "ALL UNARY CLIQUES\n",
      "HIGHER ORDER CLIQUES\n",
      "(9, 9)\n",
      "[[0.4998 0.2885 0.3099 0.2368 0.3244 0.2472 0.2243 0.2885 0.2081]\n",
      " [0.2885 0.3146 0.2224 0.189  0.2395 0.201  0.1816 0.2885 0.1672]\n",
      " [0.3099 0.2224 0.4995 0.2641 0.3052 0.2249 0.2038 0.204  0.2641]\n",
      " [0.2368 0.189  0.2641 0.2988 0.2298 0.1931 0.1749 0.1735 0.2641]\n",
      " [0.3244 0.2395 0.3052 0.2298 0.4977 0.2857 0.2857 0.2181 0.2034]\n",
      " [0.2472 0.201  0.2249 0.1931 0.2857 0.3158 0.2857 0.1839 0.1702]\n",
      " [0.2243 0.1816 0.2038 0.1749 0.2857 0.2857 0.2857 0.166  0.1549]\n",
      " [0.2885 0.2885 0.204  0.1735 0.2181 0.1839 0.166  0.2885 0.1531]\n",
      " [0.2081 0.1672 0.2641 0.2641 0.2034 0.1702 0.1549 0.1531 0.2641]]\n",
      "Computing O^{-1}...\n",
      "L AUG SAHPE:  (10000, 9)\n",
      "ALL UNARY CLIQUES\n",
      "HIGHER ORDER CLIQUES\n",
      "O unnorm   [4998.0  2885.0  3099.0  2368.0  3244.0  2472.0  2243.0  2885.0  2081.0]\n",
      "[2885.0  3146.0  2224.0  1890.0  2395.0  2010.0  1816.0  2885.0  1672.0]\n",
      "[3099.0  2224.0  4995.0  2641.0  3052.0  2249.0  2038.0  2040.0  2641.0]\n",
      "[2368.0  1890.0  2641.0  2988.0  2298.0  1931.0  1749.0  1735.0  2641.0]\n",
      "[3244.0  2395.0  3052.0  2298.0  4977.0  2857.0  2857.0  2181.0  2034.0]\n",
      "[2472.0  2010.0  2249.0  1931.0  2857.0  3158.0  2857.0  1839.0  1702.0]\n",
      "[2243.0  1816.0  2038.0  1749.0  2857.0  2857.0  2857.0  1660.0  1549.0]\n",
      "[2885.0  2885.0  2040.0  1735.0  2181.0  1839.0  1660.0  2885.0  1531.0]\n",
      "[2081.0  1672.0  2641.0  2641.0  2034.0  1702.0  1549.0  1531.0  2641.0]\n",
      "n:  10000.0\n",
      "Estimating Z...\n",
      "[Epoch 0] Loss: 422.258209\n",
      "[Epoch 1000] Loss: 217.330795\n",
      "[Epoch 2000] Loss: 181.634613\n",
      "[Epoch 3000] Loss: 167.568832\n",
      "[Epoch 4000] Loss: 157.657806\n",
      "[Epoch 5000] Loss: 146.587387\n",
      "[Epoch 6000] Loss: 131.255173\n",
      "[Epoch 7000] Loss: 109.890434\n",
      "[Epoch 8000] Loss: 83.603470\n",
      "[Epoch 9000] Loss: 57.376190\n",
      "[Epoch 10000] Loss: 36.955513\n",
      "[Epoch 11000] Loss: 24.246696\n",
      "[Epoch 12000] Loss: 17.423225\n",
      "[Epoch 13000] Loss: 13.971266\n",
      "[Epoch 14000] Loss: 12.220226\n",
      "[Epoch 15000] Loss: 11.304358\n",
      "[Epoch 16000] Loss: 10.807055\n",
      "[Epoch 17000] Loss: 10.526826\n",
      "[Epoch 18000] Loss: 10.363107\n",
      "[Epoch 19000] Loss: 10.263935\n",
      "[Epoch 20000] Loss: 10.201639\n",
      "[Epoch 21000] Loss: 10.161051\n",
      "[Epoch 22000] Loss: 10.133671\n",
      "[Epoch 23000] Loss: 10.114577\n",
      "[Epoch 24000] Loss: 10.100935\n",
      "[Epoch 25000] Loss: 10.090906\n",
      "[Epoch 26000] Loss: 10.083408\n",
      "[Epoch 27000] Loss: 10.077705\n",
      "[Epoch 28000] Loss: 10.073317\n",
      "[Epoch 29000] Loss: 10.069908\n",
      "[Epoch 30000] Loss: 10.067240\n",
      "[Epoch 31000] Loss: 10.065145\n",
      "[Epoch 32000] Loss: 10.063493\n",
      "[Epoch 33000] Loss: 10.062184\n",
      "[Epoch 34000] Loss: 10.061140\n",
      "[Epoch 35000] Loss: 10.060315\n",
      "[Epoch 36000] Loss: 10.059662\n",
      "[Epoch 37000] Loss: 10.059132\n",
      "[Epoch 38000] Loss: 10.058720\n",
      "[Epoch 39000] Loss: 10.058375\n",
      "[Epoch 40000] Loss: 10.058118\n",
      "[Epoch 41000] Loss: 10.057899\n",
      "[Epoch 42000] Loss: 10.057732\n",
      "[Epoch 43000] Loss: 10.057596\n",
      "[Epoch 44000] Loss: 10.057480\n",
      "[Epoch 45000] Loss: 10.057396\n",
      "[Epoch 46000] Loss: 10.057329\n",
      "[Epoch 47000] Loss: 10.057269\n",
      "[Epoch 48000] Loss: 10.057223\n",
      "[Epoch 49000] Loss: 10.057186\n",
      "Estimating \\mu...\n",
      "[Epoch 0] Loss: 82.785141\n",
      "[Epoch 1000] Loss: 31.241507\n",
      "[Epoch 2000] Loss: 17.427814\n",
      "[Epoch 3000] Loss: 11.772585\n",
      "[Epoch 4000] Loss: 8.863194\n",
      "[Epoch 5000] Loss: 7.131691\n",
      "[Epoch 6000] Loss: 5.987279\n",
      "[Epoch 7000] Loss: 5.167022\n",
      "[Epoch 8000] Loss: 4.539656\n",
      "[Epoch 9000] Loss: 4.033986\n",
      "[Epoch 10000] Loss: 3.609015\n",
      "[Epoch 11000] Loss: 3.240119\n",
      "[Epoch 12000] Loss: 2.912112\n",
      "[Epoch 13000] Loss: 2.615505\n",
      "[Epoch 14000] Loss: 2.344381\n",
      "[Epoch 15000] Loss: 2.095097\n",
      "[Epoch 16000] Loss: 1.865431\n",
      "[Epoch 17000] Loss: 1.654111\n",
      "[Epoch 18000] Loss: 1.460345\n",
      "[Epoch 19000] Loss: 1.283607\n",
      "[Epoch 20000] Loss: 1.123442\n",
      "[Epoch 21000] Loss: 0.979352\n",
      "[Epoch 22000] Loss: 0.850726\n",
      "[Epoch 23000] Loss: 0.736813\n",
      "[Epoch 24000] Loss: 0.636722\n",
      "[Epoch 25000] Loss: 0.549452\n",
      "[Epoch 26000] Loss: 0.473915\n",
      "[Epoch 27000] Loss: 0.408980\n",
      "[Epoch 28000] Loss: 0.353511\n",
      "[Epoch 29000] Loss: 0.306401\n",
      "[Epoch 30000] Loss: 0.266594\n",
      "[Epoch 31000] Loss: 0.233112\n",
      "[Epoch 32000] Loss: 0.205060\n",
      "[Epoch 33000] Loss: 0.181637\n",
      "[Epoch 34000] Loss: 0.162136\n",
      "[Epoch 35000] Loss: 0.145939\n",
      "[Epoch 36000] Loss: 0.132511\n",
      "[Epoch 37000] Loss: 0.121397\n",
      "[Epoch 38000] Loss: 0.112207\n",
      "[Epoch 39000] Loss: 0.104617\n",
      "[Epoch 40000] Loss: 0.098352\n",
      "[Epoch 41000] Loss: 0.093182\n",
      "[Epoch 42000] Loss: 0.088916\n",
      "[Epoch 43000] Loss: 0.085397\n",
      "[Epoch 44000] Loss: 0.082494\n",
      "[Epoch 45000] Loss: 0.080098\n",
      "[Epoch 46000] Loss: 0.078121\n",
      "[Epoch 47000] Loss: 0.076489\n",
      "[Epoch 48000] Loss: 0.075140\n",
      "[Epoch 49000] Loss: 0.074027\n"
     ]
    }
   ],
   "source": [
    "lm.train(L=dg.L.T,\n",
    "         deps=dg.deps_no_diag,\n",
    "         all_unary_cliques=True,\n",
    "        higher_order_cliques=True,\n",
    "        n_epochs=50000,\n",
    "        print_every=5000,\n",
    "        lr=1e-6,\n",
    "        l2=0.1,\n",
    "        O_inv_prec=1024,)"
   ]
  },
  {
   "cell_type": "code",
   "execution_count": 10,
   "metadata": {},
   "outputs": [
    {
     "name": "stdout",
     "output_type": "stream",
     "text": [
      "L AUG SAHPE:  (10000, 9)\n",
      "ALL UNARY CLIQUES\n",
      "HIGHER ORDER CLIQUES\n",
      "[[0.5592211 ]\n",
      " [0.4006851 ]\n",
      " [0.5318669 ]\n",
      " [0.3888934 ]\n",
      " [0.5676346 ]\n",
      " [0.42128956]\n",
      " [0.39408115]\n",
      " [0.34634444]\n",
      " [0.34323525]]\n",
      "Average absolute error: 0.2100596065610008\n",
      "Average absolute error: 0.11663740215301516\n"
     ]
    }
   ],
   "source": [
    "lm._set_constants(dg.L.T)\n",
    "#lm._set_dependencies(dg.deps_no_diag)\n",
    "mu = compute_mu(lm._get_augmented_label_matrix(dg.L.T), dg.Y.T, K, np.full(K, 1/K))\n",
    "\n",
    "\n",
    "# Test against the true parameter values\n",
    "mu_est = lm.mu.detach().numpy()\n",
    "print(mu_est)\n",
    "print(f\"Average absolute error: {np.mean(np.abs(mu_est - mu))}\")\n",
    "\n",
    "mu_est_sm = mu_est[:6]\n",
    "mu_true = dg.mu\n",
    "print(f\"Average absolute error: {np.mean(np.abs(mu_est_sm - mu_true))}\")"
   ]
  },
  {
   "cell_type": "code",
   "execution_count": 11,
   "metadata": {},
   "outputs": [],
   "source": [
    "def search_params(lr_params, l2_params, L, deps, mu_true):\n",
    "    results_dict = {}\n",
    "    for lr in lr_params:\n",
    "        for l2 in l2_params:\n",
    "            lm = LabelModel(k=1)\n",
    "            lm.config['higher_order_cliques'] = False\n",
    "            lm.config['verbose'] = True\n",
    "            \n",
    "            lm.train(L=L,\n",
    "            deps=deps,\n",
    "            all_unary_cliques=True,\n",
    "            higher_order_cliques=True,\n",
    "            n_epochs=50000,\n",
    "            print_every=5000,\n",
    "            lr=lr,\n",
    "            l2=l2,\n",
    "            O_inv_prec=1024,)\n",
    "            \n",
    "            lm._set_constants(L)\n",
    "            #lm._set_dependencies(dg.deps_no_diag)\n",
    "            mu_est = lm.mu.detach().numpy()\n",
    "\n",
    "            mu_est_sm = mu_est[:6]\n",
    "            print(f\"Average absolute error: {np.mean(np.abs(mu_est_sm - mu_true))}\")\n",
    "            results_dict[(lr,l2)] = np.mean(np.abs(mu_est_sm - mu_true))\n",
    "    return results_dict"
   ]
  },
  {
   "cell_type": "code",
   "execution_count": 12,
   "metadata": {},
   "outputs": [
    {
     "name": "stdout",
     "output_type": "stream",
     "text": [
      "I GOT HERE\n",
      "I GOT HERE 2\n",
      "I GOT HERE 3\n",
      "INIT 1\n",
      "GET CLIQUE TREE 1\n",
      "GET CLIQUE TREE 2\n",
      "GET CLIQUE TREE 3\n",
      "GET CLIQUE TREE 4\n",
      "GET CLIQUE TREE 5\n",
      "INIT 2\n",
      "CLIQUE TREE 1\n",
      "START INDEX:  9\n",
      "I GOT HERE 4\n",
      "L AUG SAHPE:  (10000, 9)\n",
      "ALL UNARY CLIQUES\n",
      "HIGHER ORDER CLIQUES\n",
      "(9, 9)\n",
      "[[0.4998 0.2885 0.3099 0.2368 0.3244 0.2472 0.2243 0.2885 0.2081]\n",
      " [0.2885 0.3146 0.2224 0.189  0.2395 0.201  0.1816 0.2885 0.1672]\n",
      " [0.3099 0.2224 0.4995 0.2641 0.3052 0.2249 0.2038 0.204  0.2641]\n",
      " [0.2368 0.189  0.2641 0.2988 0.2298 0.1931 0.1749 0.1735 0.2641]\n",
      " [0.3244 0.2395 0.3052 0.2298 0.4977 0.2857 0.2857 0.2181 0.2034]\n",
      " [0.2472 0.201  0.2249 0.1931 0.2857 0.3158 0.2857 0.1839 0.1702]\n",
      " [0.2243 0.1816 0.2038 0.1749 0.2857 0.2857 0.2857 0.166  0.1549]\n",
      " [0.2885 0.2885 0.204  0.1735 0.2181 0.1839 0.166  0.2885 0.1531]\n",
      " [0.2081 0.1672 0.2641 0.2641 0.2034 0.1702 0.1549 0.1531 0.2641]]\n",
      "Computing O^{-1}...\n",
      "L AUG SAHPE:  (10000, 9)\n",
      "ALL UNARY CLIQUES\n",
      "HIGHER ORDER CLIQUES\n",
      "O unnorm   [4998.0  2885.0  3099.0  2368.0  3244.0  2472.0  2243.0  2885.0  2081.0]\n",
      "[2885.0  3146.0  2224.0  1890.0  2395.0  2010.0  1816.0  2885.0  1672.0]\n",
      "[3099.0  2224.0  4995.0  2641.0  3052.0  2249.0  2038.0  2040.0  2641.0]\n",
      "[2368.0  1890.0  2641.0  2988.0  2298.0  1931.0  1749.0  1735.0  2641.0]\n",
      "[3244.0  2395.0  3052.0  2298.0  4977.0  2857.0  2857.0  2181.0  2034.0]\n",
      "[2472.0  2010.0  2249.0  1931.0  2857.0  3158.0  2857.0  1839.0  1702.0]\n",
      "[2243.0  1816.0  2038.0  1749.0  2857.0  2857.0  2857.0  1660.0  1549.0]\n",
      "[2885.0  2885.0  2040.0  1735.0  2181.0  1839.0  1660.0  2885.0  1531.0]\n",
      "[2081.0  1672.0  2641.0  2641.0  2034.0  1702.0  1549.0  1531.0  2641.0]\n",
      "n:  10000.0\n",
      "Estimating Z...\n",
      "[Epoch 0] Loss: 168.093262\n",
      "[Epoch 1000] Loss: 167.920471\n",
      "[Epoch 2000] Loss: 167.746292\n",
      "[Epoch 3000] Loss: 167.572327\n",
      "[Epoch 4000] Loss: 167.398605\n",
      "[Epoch 5000] Loss: 167.225082\n",
      "[Epoch 6000] Loss: 167.051758\n",
      "[Epoch 7000] Loss: 166.878937\n",
      "[Epoch 8000] Loss: 166.706985\n",
      "[Epoch 9000] Loss: 166.535843\n",
      "[Epoch 10000] Loss: 166.367599\n",
      "[Epoch 11000] Loss: 166.199631\n",
      "[Epoch 12000] Loss: 166.032547\n",
      "[Epoch 13000] Loss: 165.865570\n",
      "[Epoch 14000] Loss: 165.698761\n",
      "[Epoch 15000] Loss: 165.532120\n",
      "[Epoch 16000] Loss: 165.365616\n",
      "[Epoch 17000] Loss: 165.199356\n",
      "[Epoch 18000] Loss: 165.033432\n",
      "[Epoch 19000] Loss: 164.867630\n",
      "[Epoch 20000] Loss: 164.701675\n",
      "[Epoch 21000] Loss: 164.535812\n",
      "[Epoch 22000] Loss: 164.369705\n",
      "[Epoch 23000] Loss: 164.203873\n",
      "[Epoch 24000] Loss: 164.038605\n",
      "[Epoch 25000] Loss: 163.873459\n",
      "[Epoch 26000] Loss: 163.708359\n",
      "[Epoch 27000] Loss: 163.543335\n",
      "[Epoch 28000] Loss: 163.378677\n",
      "[Epoch 29000] Loss: 163.214142\n",
      "[Epoch 30000] Loss: 163.049728\n",
      "[Epoch 31000] Loss: 162.885315\n",
      "[Epoch 32000] Loss: 162.721024\n",
      "[Epoch 33000] Loss: 162.556808\n",
      "[Epoch 34000] Loss: 162.392731\n",
      "[Epoch 35000] Loss: 162.229721\n",
      "[Epoch 36000] Loss: 162.066895\n",
      "[Epoch 37000] Loss: 161.904175\n",
      "[Epoch 38000] Loss: 161.741440\n",
      "[Epoch 39000] Loss: 161.579041\n",
      "[Epoch 40000] Loss: 161.416687\n",
      "[Epoch 41000] Loss: 161.254364\n",
      "[Epoch 42000] Loss: 161.092010\n",
      "[Epoch 43000] Loss: 160.929733\n",
      "[Epoch 44000] Loss: 160.767456\n",
      "[Epoch 45000] Loss: 160.605148\n",
      "[Epoch 46000] Loss: 160.442856\n",
      "[Epoch 47000] Loss: 160.280624\n",
      "[Epoch 48000] Loss: 160.120850\n",
      "[Epoch 49000] Loss: 159.961578\n",
      "Estimating \\mu...\n",
      "[Epoch 0] Loss: 22.785259\n",
      "[Epoch 1000] Loss: 22.628309\n",
      "[Epoch 2000] Loss: 22.472061\n",
      "[Epoch 3000] Loss: 22.317549\n",
      "[Epoch 4000] Loss: 22.163965\n",
      "[Epoch 5000] Loss: 22.012087\n",
      "[Epoch 6000] Loss: 21.861061\n",
      "[Epoch 7000] Loss: 21.710840\n",
      "[Epoch 8000] Loss: 21.561428\n",
      "[Epoch 9000] Loss: 21.414133\n",
      "[Epoch 10000] Loss: 21.271641\n",
      "[Epoch 11000] Loss: 21.130177\n",
      "[Epoch 12000] Loss: 20.989737\n",
      "[Epoch 13000] Loss: 20.850994\n",
      "[Epoch 14000] Loss: 20.713085\n",
      "[Epoch 15000] Loss: 20.575897\n",
      "[Epoch 16000] Loss: 20.439419\n",
      "[Epoch 17000] Loss: 20.304516\n",
      "[Epoch 18000] Loss: 20.171120\n",
      "[Epoch 19000] Loss: 20.038738\n",
      "[Epoch 20000] Loss: 19.908190\n",
      "[Epoch 21000] Loss: 19.779791\n",
      "[Epoch 22000] Loss: 19.653631\n",
      "[Epoch 23000] Loss: 19.528099\n",
      "[Epoch 24000] Loss: 19.403196\n",
      "[Epoch 25000] Loss: 19.279345\n",
      "[Epoch 26000] Loss: 19.157629\n",
      "[Epoch 27000] Loss: 19.036674\n",
      "[Epoch 28000] Loss: 18.916323\n",
      "[Epoch 29000] Loss: 18.796675\n",
      "[Epoch 30000] Loss: 18.678753\n",
      "[Epoch 31000] Loss: 18.562250\n",
      "[Epoch 32000] Loss: 18.446318\n",
      "[Epoch 33000] Loss: 18.330954\n",
      "[Epoch 34000] Loss: 18.217367\n",
      "[Epoch 35000] Loss: 18.106300\n",
      "[Epoch 36000] Loss: 17.996298\n",
      "[Epoch 37000] Loss: 17.886822\n",
      "[Epoch 38000] Loss: 17.777908\n",
      "[Epoch 39000] Loss: 17.669895\n",
      "[Epoch 40000] Loss: 17.563217\n",
      "[Epoch 41000] Loss: 17.457088\n",
      "[Epoch 42000] Loss: 17.352089\n",
      "[Epoch 43000] Loss: 17.248457\n",
      "[Epoch 44000] Loss: 17.145746\n",
      "[Epoch 45000] Loss: 17.043909\n",
      "[Epoch 46000] Loss: 16.943838\n",
      "[Epoch 47000] Loss: 16.844324\n",
      "[Epoch 48000] Loss: 16.745270\n",
      "[Epoch 49000] Loss: 16.646725\n",
      "Average absolute error: 0.1721224686053064\n",
      "I GOT HERE\n",
      "I GOT HERE 2\n",
      "I GOT HERE 3\n",
      "INIT 1\n",
      "GET CLIQUE TREE 1\n",
      "GET CLIQUE TREE 2\n",
      "GET CLIQUE TREE 3\n",
      "GET CLIQUE TREE 4\n",
      "GET CLIQUE TREE 5\n",
      "INIT 2\n",
      "CLIQUE TREE 1\n",
      "START INDEX:  9\n",
      "I GOT HERE 4\n",
      "L AUG SAHPE:  (10000, 9)\n",
      "ALL UNARY CLIQUES\n",
      "HIGHER ORDER CLIQUES\n",
      "(9, 9)\n",
      "[[0.4998 0.2885 0.3099 0.2368 0.3244 0.2472 0.2243 0.2885 0.2081]\n",
      " [0.2885 0.3146 0.2224 0.189  0.2395 0.201  0.1816 0.2885 0.1672]\n",
      " [0.3099 0.2224 0.4995 0.2641 0.3052 0.2249 0.2038 0.204  0.2641]\n",
      " [0.2368 0.189  0.2641 0.2988 0.2298 0.1931 0.1749 0.1735 0.2641]\n",
      " [0.3244 0.2395 0.3052 0.2298 0.4977 0.2857 0.2857 0.2181 0.2034]\n",
      " [0.2472 0.201  0.2249 0.1931 0.2857 0.3158 0.2857 0.1839 0.1702]\n",
      " [0.2243 0.1816 0.2038 0.1749 0.2857 0.2857 0.2857 0.166  0.1549]\n",
      " [0.2885 0.2885 0.204  0.1735 0.2181 0.1839 0.166  0.2885 0.1531]\n",
      " [0.2081 0.1672 0.2641 0.2641 0.2034 0.1702 0.1549 0.1531 0.2641]]\n",
      "Computing O^{-1}...\n",
      "L AUG SAHPE:  (10000, 9)\n",
      "ALL UNARY CLIQUES\n",
      "HIGHER ORDER CLIQUES\n",
      "O unnorm   [4998.0  2885.0  3099.0  2368.0  3244.0  2472.0  2243.0  2885.0  2081.0]\n",
      "[2885.0  3146.0  2224.0  1890.0  2395.0  2010.0  1816.0  2885.0  1672.0]\n",
      "[3099.0  2224.0  4995.0  2641.0  3052.0  2249.0  2038.0  2040.0  2641.0]\n",
      "[2368.0  1890.0  2641.0  2988.0  2298.0  1931.0  1749.0  1735.0  2641.0]\n",
      "[3244.0  2395.0  3052.0  2298.0  4977.0  2857.0  2857.0  2181.0  2034.0]\n",
      "[2472.0  2010.0  2249.0  1931.0  2857.0  3158.0  2857.0  1839.0  1702.0]\n",
      "[2243.0  1816.0  2038.0  1749.0  2857.0  2857.0  2857.0  1660.0  1549.0]\n",
      "[2885.0  2885.0  2040.0  1735.0  2181.0  1839.0  1660.0  2885.0  1531.0]\n",
      "[2081.0  1672.0  2641.0  2641.0  2034.0  1702.0  1549.0  1531.0  2641.0]\n",
      "n:  10000.0\n",
      "Estimating Z...\n",
      "[Epoch 0] Loss: 152.961899\n",
      "[Epoch 1000] Loss: 152.857010\n",
      "[Epoch 2000] Loss: 152.750687\n",
      "[Epoch 3000] Loss: 152.643555\n",
      "[Epoch 4000] Loss: 152.536011\n",
      "[Epoch 5000] Loss: 152.427551\n",
      "[Epoch 6000] Loss: 152.318695\n",
      "[Epoch 7000] Loss: 152.209244\n",
      "[Epoch 8000] Loss: 152.099304\n",
      "[Epoch 9000] Loss: 151.989105\n",
      "[Epoch 10000] Loss: 151.878357\n",
      "[Epoch 11000] Loss: 151.767319\n",
      "[Epoch 12000] Loss: 151.655762\n",
      "[Epoch 13000] Loss: 151.543777\n",
      "[Epoch 14000] Loss: 151.431213\n",
      "[Epoch 15000] Loss: 151.317215\n",
      "[Epoch 16000] Loss: 151.202820\n",
      "[Epoch 17000] Loss: 151.088043\n",
      "[Epoch 18000] Loss: 150.972519\n",
      "[Epoch 19000] Loss: 150.856689\n",
      "[Epoch 20000] Loss: 150.740082\n",
      "[Epoch 21000] Loss: 150.622467\n",
      "[Epoch 22000] Loss: 150.504501\n",
      "[Epoch 23000] Loss: 150.385834\n",
      "[Epoch 24000] Loss: 150.266525\n",
      "[Epoch 25000] Loss: 150.146622\n",
      "[Epoch 26000] Loss: 150.026245\n",
      "[Epoch 27000] Loss: 149.905548\n",
      "[Epoch 28000] Loss: 149.784561\n",
      "[Epoch 29000] Loss: 149.662704\n",
      "[Epoch 30000] Loss: 149.540359\n",
      "[Epoch 31000] Loss: 149.417496\n",
      "[Epoch 32000] Loss: 149.294312\n",
      "[Epoch 33000] Loss: 149.170822\n",
      "[Epoch 34000] Loss: 149.046188\n",
      "[Epoch 35000] Loss: 148.920425\n",
      "[Epoch 36000] Loss: 148.793640\n",
      "[Epoch 37000] Loss: 148.666077\n",
      "[Epoch 38000] Loss: 148.537704\n",
      "[Epoch 39000] Loss: 148.408310\n",
      "[Epoch 40000] Loss: 148.278152\n",
      "[Epoch 41000] Loss: 148.147690\n",
      "[Epoch 42000] Loss: 148.016876\n",
      "[Epoch 43000] Loss: 147.885452\n",
      "[Epoch 44000] Loss: 147.753677\n",
      "[Epoch 45000] Loss: 147.621277\n",
      "[Epoch 46000] Loss: 147.488113\n",
      "[Epoch 47000] Loss: 147.354401\n",
      "[Epoch 48000] Loss: 147.219559\n",
      "[Epoch 49000] Loss: 147.084396\n",
      "Estimating \\mu...\n",
      "[Epoch 0] Loss: 26.832212\n",
      "[Epoch 1000] Loss: 26.630091\n",
      "[Epoch 2000] Loss: 26.427807\n",
      "[Epoch 3000] Loss: 26.228010\n",
      "[Epoch 4000] Loss: 26.031248\n",
      "[Epoch 5000] Loss: 25.836277\n",
      "[Epoch 6000] Loss: 25.642443\n",
      "[Epoch 7000] Loss: 25.449919\n",
      "[Epoch 8000] Loss: 25.260012\n",
      "[Epoch 9000] Loss: 25.074236\n",
      "[Epoch 10000] Loss: 24.890892\n"
     ]
    },
    {
     "name": "stdout",
     "output_type": "stream",
     "text": [
      "[Epoch 11000] Loss: 24.709484\n",
      "[Epoch 12000] Loss: 24.529804\n",
      "[Epoch 13000] Loss: 24.351599\n",
      "[Epoch 14000] Loss: 24.175398\n",
      "[Epoch 15000] Loss: 24.000193\n",
      "[Epoch 16000] Loss: 23.825985\n",
      "[Epoch 17000] Loss: 23.656216\n",
      "[Epoch 18000] Loss: 23.488647\n",
      "[Epoch 19000] Loss: 23.322557\n",
      "[Epoch 20000] Loss: 23.159206\n",
      "[Epoch 21000] Loss: 22.996990\n",
      "[Epoch 22000] Loss: 22.835669\n",
      "[Epoch 23000] Loss: 22.675251\n",
      "[Epoch 24000] Loss: 22.516064\n",
      "[Epoch 25000] Loss: 22.358868\n",
      "[Epoch 26000] Loss: 22.206434\n",
      "[Epoch 27000] Loss: 22.055223\n",
      "[Epoch 28000] Loss: 21.904957\n",
      "[Epoch 29000] Loss: 21.756050\n",
      "[Epoch 30000] Loss: 21.607939\n",
      "[Epoch 31000] Loss: 21.460779\n",
      "[Epoch 32000] Loss: 21.315912\n",
      "[Epoch 33000] Loss: 21.172890\n",
      "[Epoch 34000] Loss: 21.031158\n",
      "[Epoch 35000] Loss: 20.890253\n",
      "[Epoch 36000] Loss: 20.752766\n",
      "[Epoch 37000] Loss: 20.615992\n",
      "[Epoch 38000] Loss: 20.480452\n",
      "[Epoch 39000] Loss: 20.346531\n",
      "[Epoch 40000] Loss: 20.213730\n",
      "[Epoch 41000] Loss: 20.082296\n",
      "[Epoch 42000] Loss: 19.951916\n",
      "[Epoch 43000] Loss: 19.822586\n",
      "[Epoch 44000] Loss: 19.694147\n",
      "[Epoch 45000] Loss: 19.566614\n",
      "[Epoch 46000] Loss: 19.440758\n",
      "[Epoch 47000] Loss: 19.318283\n",
      "[Epoch 48000] Loss: 19.196741\n",
      "[Epoch 49000] Loss: 19.076099\n",
      "Average absolute error: 0.2677678901089563\n",
      "I GOT HERE\n",
      "I GOT HERE 2\n",
      "I GOT HERE 3\n",
      "INIT 1\n",
      "GET CLIQUE TREE 1\n",
      "GET CLIQUE TREE 2\n",
      "GET CLIQUE TREE 3\n",
      "GET CLIQUE TREE 4\n",
      "GET CLIQUE TREE 5\n",
      "INIT 2\n",
      "CLIQUE TREE 1\n",
      "START INDEX:  9\n",
      "I GOT HERE 4\n",
      "L AUG SAHPE:  (10000, 9)\n",
      "ALL UNARY CLIQUES\n",
      "HIGHER ORDER CLIQUES\n",
      "(9, 9)\n",
      "[[0.4998 0.2885 0.3099 0.2368 0.3244 0.2472 0.2243 0.2885 0.2081]\n",
      " [0.2885 0.3146 0.2224 0.189  0.2395 0.201  0.1816 0.2885 0.1672]\n",
      " [0.3099 0.2224 0.4995 0.2641 0.3052 0.2249 0.2038 0.204  0.2641]\n",
      " [0.2368 0.189  0.2641 0.2988 0.2298 0.1931 0.1749 0.1735 0.2641]\n",
      " [0.3244 0.2395 0.3052 0.2298 0.4977 0.2857 0.2857 0.2181 0.2034]\n",
      " [0.2472 0.201  0.2249 0.1931 0.2857 0.3158 0.2857 0.1839 0.1702]\n",
      " [0.2243 0.1816 0.2038 0.1749 0.2857 0.2857 0.2857 0.166  0.1549]\n",
      " [0.2885 0.2885 0.204  0.1735 0.2181 0.1839 0.166  0.2885 0.1531]\n",
      " [0.2081 0.1672 0.2641 0.2641 0.2034 0.1702 0.1549 0.1531 0.2641]]\n",
      "Computing O^{-1}...\n",
      "L AUG SAHPE:  (10000, 9)\n",
      "ALL UNARY CLIQUES\n",
      "HIGHER ORDER CLIQUES\n",
      "O unnorm   [4998.0  2885.0  3099.0  2368.0  3244.0  2472.0  2243.0  2885.0  2081.0]\n",
      "[2885.0  3146.0  2224.0  1890.0  2395.0  2010.0  1816.0  2885.0  1672.0]\n",
      "[3099.0  2224.0  4995.0  2641.0  3052.0  2249.0  2038.0  2040.0  2641.0]\n",
      "[2368.0  1890.0  2641.0  2988.0  2298.0  1931.0  1749.0  1735.0  2641.0]\n",
      "[3244.0  2395.0  3052.0  2298.0  4977.0  2857.0  2857.0  2181.0  2034.0]\n",
      "[2472.0  2010.0  2249.0  1931.0  2857.0  3158.0  2857.0  1839.0  1702.0]\n",
      "[2243.0  1816.0  2038.0  1749.0  2857.0  2857.0  2857.0  1660.0  1549.0]\n",
      "[2885.0  2885.0  2040.0  1735.0  2181.0  1839.0  1660.0  2885.0  1531.0]\n",
      "[2081.0  1672.0  2641.0  2641.0  2034.0  1702.0  1549.0  1531.0  2641.0]\n",
      "n:  10000.0\n",
      "Estimating Z...\n",
      "[Epoch 0] Loss: 278.316864\n",
      "[Epoch 1000] Loss: 276.983185\n",
      "[Epoch 2000] Loss: 275.665009\n",
      "[Epoch 3000] Loss: 274.367737\n",
      "[Epoch 4000] Loss: 273.095032\n",
      "[Epoch 5000] Loss: 271.842102\n",
      "[Epoch 6000] Loss: 270.611023\n",
      "[Epoch 7000] Loss: 269.400238\n",
      "[Epoch 8000] Loss: 268.212128\n",
      "[Epoch 9000] Loss: 267.039642\n",
      "[Epoch 10000] Loss: 265.886932\n",
      "[Epoch 11000] Loss: 264.758179\n",
      "[Epoch 12000] Loss: 263.642426\n",
      "[Epoch 13000] Loss: 262.547516\n",
      "[Epoch 14000] Loss: 261.469147\n",
      "[Epoch 15000] Loss: 260.407257\n",
      "[Epoch 16000] Loss: 259.366089\n",
      "[Epoch 17000] Loss: 258.338898\n",
      "[Epoch 18000] Loss: 257.325500\n",
      "[Epoch 19000] Loss: 256.331329\n",
      "[Epoch 20000] Loss: 255.351639\n",
      "[Epoch 21000] Loss: 254.389557\n",
      "[Epoch 22000] Loss: 253.437439\n",
      "[Epoch 23000] Loss: 252.501144\n",
      "[Epoch 24000] Loss: 251.583740\n",
      "[Epoch 25000] Loss: 250.675674\n",
      "[Epoch 26000] Loss: 249.782669\n",
      "[Epoch 27000] Loss: 248.904816\n",
      "[Epoch 28000] Loss: 248.035828\n",
      "[Epoch 29000] Loss: 247.179825\n",
      "[Epoch 30000] Loss: 246.342987\n",
      "[Epoch 31000] Loss: 245.514297\n",
      "[Epoch 32000] Loss: 244.696625\n",
      "[Epoch 33000] Loss: 243.889801\n",
      "[Epoch 34000] Loss: 243.097076\n",
      "[Epoch 35000] Loss: 242.315231\n",
      "[Epoch 36000] Loss: 241.547195\n",
      "[Epoch 37000] Loss: 240.786072\n",
      "[Epoch 38000] Loss: 240.036896\n",
      "[Epoch 39000] Loss: 239.298782\n",
      "[Epoch 40000] Loss: 238.569839\n",
      "[Epoch 41000] Loss: 237.851593\n",
      "[Epoch 42000] Loss: 237.143005\n",
      "[Epoch 43000] Loss: 236.448380\n",
      "[Epoch 44000] Loss: 235.759613\n",
      "[Epoch 45000] Loss: 235.077484\n",
      "[Epoch 46000] Loss: 234.404068\n",
      "[Epoch 47000] Loss: 233.746460\n",
      "[Epoch 48000] Loss: 233.096588\n",
      "[Epoch 49000] Loss: 232.451126\n",
      "Estimating \\mu...\n",
      "[Epoch 0] Loss: 9.227468\n",
      "[Epoch 1000] Loss: 9.182337\n",
      "[Epoch 2000] Loss: 9.137068\n",
      "[Epoch 3000] Loss: 9.092609\n",
      "[Epoch 4000] Loss: 9.048309\n",
      "[Epoch 5000] Loss: 9.004172\n",
      "[Epoch 6000] Loss: 8.960196\n",
      "[Epoch 7000] Loss: 8.916383\n",
      "[Epoch 8000] Loss: 8.872727\n",
      "[Epoch 9000] Loss: 8.829231\n",
      "[Epoch 10000] Loss: 8.786318\n",
      "[Epoch 11000] Loss: 8.743904\n",
      "[Epoch 12000] Loss: 8.701643\n",
      "[Epoch 13000] Loss: 8.659536\n",
      "[Epoch 14000] Loss: 8.617661\n",
      "[Epoch 15000] Loss: 8.575952\n",
      "[Epoch 16000] Loss: 8.534392\n",
      "[Epoch 17000] Loss: 8.492993\n",
      "[Epoch 18000] Loss: 8.452505\n",
      "[Epoch 19000] Loss: 8.412458\n",
      "[Epoch 20000] Loss: 8.372776\n",
      "[Epoch 21000] Loss: 8.333233\n",
      "[Epoch 22000] Loss: 8.293830\n",
      "[Epoch 23000] Loss: 8.254822\n",
      "[Epoch 24000] Loss: 8.216184\n",
      "[Epoch 25000] Loss: 8.177694\n",
      "[Epoch 26000] Loss: 8.139338\n",
      "[Epoch 27000] Loss: 8.101611\n",
      "[Epoch 28000] Loss: 8.064105\n",
      "[Epoch 29000] Loss: 8.026731\n",
      "[Epoch 30000] Loss: 7.989484\n",
      "[Epoch 31000] Loss: 7.952475\n",
      "[Epoch 32000] Loss: 7.915626\n",
      "[Epoch 33000] Loss: 7.878976\n",
      "[Epoch 34000] Loss: 7.842815\n",
      "[Epoch 35000] Loss: 7.807075\n",
      "[Epoch 36000] Loss: 7.771458\n",
      "[Epoch 37000] Loss: 7.735961\n",
      "[Epoch 38000] Loss: 7.700587\n",
      "[Epoch 39000] Loss: 7.665334\n",
      "[Epoch 40000] Loss: 7.630588\n",
      "[Epoch 41000] Loss: 7.596136\n",
      "[Epoch 42000] Loss: 7.561801\n",
      "[Epoch 43000] Loss: 7.527583\n",
      "[Epoch 44000] Loss: 7.493481\n",
      "[Epoch 45000] Loss: 7.459640\n",
      "[Epoch 46000] Loss: 7.426317\n",
      "[Epoch 47000] Loss: 7.393106\n",
      "[Epoch 48000] Loss: 7.360102\n",
      "[Epoch 49000] Loss: 7.327485\n",
      "Average absolute error: 0.24661573973761663\n",
      "I GOT HERE\n",
      "I GOT HERE 2\n",
      "I GOT HERE 3\n",
      "INIT 1\n",
      "GET CLIQUE TREE 1\n",
      "GET CLIQUE TREE 2\n",
      "GET CLIQUE TREE 3\n",
      "GET CLIQUE TREE 4\n",
      "GET CLIQUE TREE 5\n",
      "INIT 2\n",
      "CLIQUE TREE 1\n",
      "START INDEX:  9\n",
      "I GOT HERE 4\n",
      "L AUG SAHPE:  (10000, 9)\n",
      "ALL UNARY CLIQUES\n",
      "HIGHER ORDER CLIQUES\n",
      "(9, 9)\n",
      "[[0.4998 0.2885 0.3099 0.2368 0.3244 0.2472 0.2243 0.2885 0.2081]\n",
      " [0.2885 0.3146 0.2224 0.189  0.2395 0.201  0.1816 0.2885 0.1672]\n",
      " [0.3099 0.2224 0.4995 0.2641 0.3052 0.2249 0.2038 0.204  0.2641]\n",
      " [0.2368 0.189  0.2641 0.2988 0.2298 0.1931 0.1749 0.1735 0.2641]\n",
      " [0.3244 0.2395 0.3052 0.2298 0.4977 0.2857 0.2857 0.2181 0.2034]\n",
      " [0.2472 0.201  0.2249 0.1931 0.2857 0.3158 0.2857 0.1839 0.1702]\n",
      " [0.2243 0.1816 0.2038 0.1749 0.2857 0.2857 0.2857 0.166  0.1549]\n",
      " [0.2885 0.2885 0.204  0.1735 0.2181 0.1839 0.166  0.2885 0.1531]\n",
      " [0.2081 0.1672 0.2641 0.2641 0.2034 0.1702 0.1549 0.1531 0.2641]]\n",
      "Computing O^{-1}...\n",
      "L AUG SAHPE:  (10000, 9)\n",
      "ALL UNARY CLIQUES\n",
      "HIGHER ORDER CLIQUES\n",
      "O unnorm   [4998.0  2885.0  3099.0  2368.0  3244.0  2472.0  2243.0  2885.0  2081.0]\n",
      "[2885.0  3146.0  2224.0  1890.0  2395.0  2010.0  1816.0  2885.0  1672.0]\n",
      "[3099.0  2224.0  4995.0  2641.0  3052.0  2249.0  2038.0  2040.0  2641.0]\n",
      "[2368.0  1890.0  2641.0  2988.0  2298.0  1931.0  1749.0  1735.0  2641.0]\n",
      "[3244.0  2395.0  3052.0  2298.0  4977.0  2857.0  2857.0  2181.0  2034.0]\n",
      "[2472.0  2010.0  2249.0  1931.0  2857.0  3158.0  2857.0  1839.0  1702.0]\n",
      "[2243.0  1816.0  2038.0  1749.0  2857.0  2857.0  2857.0  1660.0  1549.0]\n",
      "[2885.0  2885.0  2040.0  1735.0  2181.0  1839.0  1660.0  2885.0  1531.0]\n",
      "[2081.0  1672.0  2641.0  2641.0  2034.0  1702.0  1549.0  1531.0  2641.0]\n",
      "n:  10000.0\n",
      "Estimating Z...\n",
      "[Epoch 0] Loss: 129.105499\n",
      "[Epoch 1000] Loss: 122.895897\n",
      "[Epoch 2000] Loss: 117.196625\n",
      "[Epoch 3000] Loss: 111.968346\n",
      "[Epoch 4000] Loss: 107.133507\n",
      "[Epoch 5000] Loss: 102.629807\n",
      "[Epoch 6000] Loss: 98.407745\n",
      "[Epoch 7000] Loss: 94.427483\n",
      "[Epoch 8000] Loss: 90.656235\n",
      "[Epoch 9000] Loss: 87.068405\n",
      "[Epoch 10000] Loss: 83.642899\n",
      "[Epoch 11000] Loss: 80.362320\n",
      "[Epoch 12000] Loss: 77.213043\n",
      "[Epoch 13000] Loss: 74.183784\n",
      "[Epoch 14000] Loss: 71.265732\n",
      "[Epoch 15000] Loss: 68.451660\n",
      "[Epoch 16000] Loss: 65.735474\n",
      "[Epoch 17000] Loss: 63.113003\n",
      "[Epoch 18000] Loss: 60.580635\n",
      "[Epoch 19000] Loss: 58.134792\n",
      "[Epoch 20000] Loss: 55.773510\n",
      "[Epoch 21000] Loss: 53.495518\n",
      "[Epoch 22000] Loss: 51.297520\n",
      "[Epoch 23000] Loss: 49.179153\n"
     ]
    },
    {
     "name": "stdout",
     "output_type": "stream",
     "text": [
      "[Epoch 24000] Loss: 47.140713\n",
      "[Epoch 25000] Loss: 45.178799\n",
      "[Epoch 26000] Loss: 43.292202\n",
      "[Epoch 27000] Loss: 41.480431\n",
      "[Epoch 28000] Loss: 39.744484\n",
      "[Epoch 29000] Loss: 38.080231\n",
      "[Epoch 30000] Loss: 36.486584\n",
      "[Epoch 31000] Loss: 34.963924\n",
      "[Epoch 32000] Loss: 33.510208\n",
      "[Epoch 33000] Loss: 32.122761\n",
      "[Epoch 34000] Loss: 30.800802\n",
      "[Epoch 35000] Loss: 29.543221\n",
      "[Epoch 36000] Loss: 28.346935\n",
      "[Epoch 37000] Loss: 27.210602\n",
      "[Epoch 38000] Loss: 26.132212\n",
      "[Epoch 39000] Loss: 25.109831\n",
      "[Epoch 40000] Loss: 24.141449\n",
      "[Epoch 41000] Loss: 23.224850\n",
      "[Epoch 42000] Loss: 22.358112\n",
      "[Epoch 43000] Loss: 21.539097\n",
      "[Epoch 44000] Loss: 20.765676\n",
      "[Epoch 45000] Loss: 20.035957\n",
      "[Epoch 46000] Loss: 19.347834\n",
      "[Epoch 47000] Loss: 18.699251\n",
      "[Epoch 48000] Loss: 18.088417\n",
      "[Epoch 49000] Loss: 17.513191\n",
      "Estimating \\mu...\n",
      "[Epoch 0] Loss: 21.315523\n",
      "[Epoch 1000] Loss: 20.287907\n",
      "[Epoch 2000] Loss: 19.340706\n",
      "[Epoch 3000] Loss: 18.473360\n",
      "[Epoch 4000] Loss: 17.677042\n",
      "[Epoch 5000] Loss: 16.944067\n",
      "[Epoch 6000] Loss: 16.267794\n",
      "[Epoch 7000] Loss: 15.642445\n",
      "[Epoch 8000] Loss: 15.062895\n",
      "[Epoch 9000] Loss: 14.524748\n",
      "[Epoch 10000] Loss: 14.024031\n",
      "[Epoch 11000] Loss: 13.557265\n",
      "[Epoch 12000] Loss: 13.121464\n",
      "[Epoch 13000] Loss: 12.713808\n",
      "[Epoch 14000] Loss: 12.331873\n",
      "[Epoch 15000] Loss: 11.973452\n",
      "[Epoch 16000] Loss: 11.636730\n",
      "[Epoch 17000] Loss: 11.319788\n",
      "[Epoch 18000] Loss: 11.021098\n",
      "[Epoch 19000] Loss: 10.739267\n",
      "[Epoch 20000] Loss: 10.473030\n",
      "[Epoch 21000] Loss: 10.221145\n",
      "[Epoch 22000] Loss: 9.982534\n",
      "[Epoch 23000] Loss: 9.756391\n",
      "[Epoch 24000] Loss: 9.541677\n",
      "[Epoch 25000] Loss: 9.337676\n",
      "[Epoch 26000] Loss: 9.143605\n",
      "[Epoch 27000] Loss: 8.958801\n",
      "[Epoch 28000] Loss: 8.782682\n",
      "[Epoch 29000] Loss: 8.614666\n",
      "[Epoch 30000] Loss: 8.454199\n",
      "[Epoch 31000] Loss: 8.300875\n",
      "[Epoch 32000] Loss: 8.154192\n",
      "[Epoch 33000] Loss: 8.013754\n",
      "[Epoch 34000] Loss: 7.879206\n",
      "[Epoch 35000] Loss: 7.750173\n",
      "[Epoch 36000] Loss: 7.626363\n",
      "[Epoch 37000] Loss: 7.507458\n",
      "[Epoch 38000] Loss: 7.393140\n",
      "[Epoch 39000] Loss: 7.283213\n",
      "[Epoch 40000] Loss: 7.177401\n",
      "[Epoch 41000] Loss: 7.075478\n",
      "[Epoch 42000] Loss: 6.977230\n",
      "[Epoch 43000] Loss: 6.882486\n",
      "[Epoch 44000] Loss: 6.791039\n",
      "[Epoch 45000] Loss: 6.702746\n",
      "[Epoch 46000] Loss: 6.617406\n",
      "[Epoch 47000] Loss: 6.534885\n",
      "[Epoch 48000] Loss: 6.455018\n",
      "[Epoch 49000] Loss: 6.377751\n",
      "Average absolute error: 0.28300384945207174\n",
      "I GOT HERE\n",
      "I GOT HERE 2\n",
      "I GOT HERE 3\n",
      "INIT 1\n",
      "GET CLIQUE TREE 1\n",
      "GET CLIQUE TREE 2\n",
      "GET CLIQUE TREE 3\n",
      "GET CLIQUE TREE 4\n",
      "GET CLIQUE TREE 5\n",
      "INIT 2\n",
      "CLIQUE TREE 1\n",
      "START INDEX:  9\n",
      "I GOT HERE 4\n",
      "L AUG SAHPE:  (10000, 9)\n",
      "ALL UNARY CLIQUES\n",
      "HIGHER ORDER CLIQUES\n",
      "(9, 9)\n",
      "[[0.4998 0.2885 0.3099 0.2368 0.3244 0.2472 0.2243 0.2885 0.2081]\n",
      " [0.2885 0.3146 0.2224 0.189  0.2395 0.201  0.1816 0.2885 0.1672]\n",
      " [0.3099 0.2224 0.4995 0.2641 0.3052 0.2249 0.2038 0.204  0.2641]\n",
      " [0.2368 0.189  0.2641 0.2988 0.2298 0.1931 0.1749 0.1735 0.2641]\n",
      " [0.3244 0.2395 0.3052 0.2298 0.4977 0.2857 0.2857 0.2181 0.2034]\n",
      " [0.2472 0.201  0.2249 0.1931 0.2857 0.3158 0.2857 0.1839 0.1702]\n",
      " [0.2243 0.1816 0.2038 0.1749 0.2857 0.2857 0.2857 0.166  0.1549]\n",
      " [0.2885 0.2885 0.204  0.1735 0.2181 0.1839 0.166  0.2885 0.1531]\n",
      " [0.2081 0.1672 0.2641 0.2641 0.2034 0.1702 0.1549 0.1531 0.2641]]\n",
      "Computing O^{-1}...\n",
      "L AUG SAHPE:  (10000, 9)\n",
      "ALL UNARY CLIQUES\n",
      "HIGHER ORDER CLIQUES\n",
      "O unnorm   [4998.0  2885.0  3099.0  2368.0  3244.0  2472.0  2243.0  2885.0  2081.0]\n",
      "[2885.0  3146.0  2224.0  1890.0  2395.0  2010.0  1816.0  2885.0  1672.0]\n",
      "[3099.0  2224.0  4995.0  2641.0  3052.0  2249.0  2038.0  2040.0  2641.0]\n",
      "[2368.0  1890.0  2641.0  2988.0  2298.0  1931.0  1749.0  1735.0  2641.0]\n",
      "[3244.0  2395.0  3052.0  2298.0  4977.0  2857.0  2857.0  2181.0  2034.0]\n",
      "[2472.0  2010.0  2249.0  1931.0  2857.0  3158.0  2857.0  1839.0  1702.0]\n",
      "[2243.0  1816.0  2038.0  1749.0  2857.0  2857.0  2857.0  1660.0  1549.0]\n",
      "[2885.0  2885.0  2040.0  1735.0  2181.0  1839.0  1660.0  2885.0  1531.0]\n",
      "[2081.0  1672.0  2641.0  2641.0  2034.0  1702.0  1549.0  1531.0  2641.0]\n",
      "n:  10000.0\n",
      "Estimating Z...\n",
      "[Epoch 0] Loss: 240.786377\n",
      "[Epoch 1000] Loss: 231.622360\n",
