{
 "cells": [
  {
   "cell_type": "markdown",
   "metadata": {},
   "source": [
    "## Debugging the `LabelModel` with deps + higher-order cliques"
   ]
  },
  {
   "cell_type": "code",
   "execution_count": 1,
   "metadata": {},
   "outputs": [],
   "source": [
    "%matplotlib inline\n",
    "%load_ext autoreload\n",
    "%autoreload 2\n",
    "\n",
    "import sys\n",
    "sys.path.append(\"../\") # go to parent dir\n",
    "\n",
    "import numpy as np\n",
    "import torch\n",
    "import matplotlib.pyplot as plt\n",
    "import mpmath\n",
    "\n",
    "from synthetic.generate import SingleTaskTreeDepsGenerator\n",
    "from metal.label_model import LabelModel\n",
    "from metal.label_model.utils import (\n",
    "    compute_mu,\n",
    "    compute_covariance,\n",
    "    compute_inv_covariance,\n",
    "    print_matrix,\n",
    "    visualize_matrix\n",
    ")"
   ]
  },
  {
   "cell_type": "markdown",
   "metadata": {},
   "source": [
    "### Generating a dataset"
   ]
  },
  {
   "cell_type": "code",
   "execution_count": 2,
   "metadata": {
    "scrolled": false
   },
   "outputs": [
    {
     "name": "stdout",
     "output_type": "stream",
     "text": [
      "(0, 1)   [0.49239541 0.12333361]\n",
      "(0, 2)   [0.59469623 0.49179015]\n",
      "(1, 1)   [0.47833102 0.39730134]\n",
      "(1, 2)   [0.28418377 0.65734387]\n",
      "(2, 1)   [0.36968921 0.34014455]\n",
      "(2, 2)   [0.65902045 0.57622788]\n",
      "(3, 1)   [0.22112195 0.56222031]\n",
      "(3, 2)   [0.26599588 0.80680163]\n",
      "(4, 1)   [0.86857776 0.54481315]\n",
      "(4, 2)   [0.86190534 0.17168093]\n",
      "((0, 1), 0, 0)   [0.55472148 0.15875785]\n",
      "((0, 1), 0, 1)   [0.48531009 0.18687782]\n",
      "((0, 1), 0, 2)   [0.21444397 0.63707078]\n",
      "((0, 1), 1, 0)   [0.3034108  0.19625112]\n",
      "((0, 1), 1, 1)   [0.29827559 0.41484366]\n",
      "((0, 1), 1, 2)   [0.52100874 0.2815689 ]\n",
      "((0, 1), 2, 0)   [0.67636605 0.53476285]\n",
      "((0, 1), 2, 1)   [0.55471305 0.44820339]\n",
      "((0, 1), 2, 2)   [0.81427371 0.62200376]\n",
      "((1, 2), 0, 0)   [0.24606874 0.73067711]\n",
      "((1, 2), 0, 1)   [0.96809597 0.55000753]\n",
      "((1, 2), 0, 2)   [0.90056806 0.40745229]\n",
      "((1, 2), 1, 0)   [0.61042971 0.48479137]\n",
      "((1, 2), 1, 1)   [0.49307254 0.79890327]\n",
      "((1, 2), 1, 2)   [0.58204376 0.958368  ]\n",
      "((1, 2), 2, 0)   [0.58978734 0.17388543]\n",
      "((1, 2), 2, 1)   [0.42970816 0.86576545]\n",
      "((1, 2), 2, 2)   [0.46564754 0.12448213]\n",
      "((2, 3), 0, 0)   [0.32245952 0.16042993]\n",
      "((2, 3), 0, 1)   [0.99446681 0.97352228]\n",
      "((2, 3), 0, 2)   [0.82023252 0.64163541]\n",
      "((2, 3), 1, 0)   [0.78846387 0.2523029 ]\n",
      "((2, 3), 1, 1)   [0.36372091 0.57166019]\n",
      "((2, 3), 1, 2)   [0.42096185 0.14111107]\n",
      "((2, 3), 2, 0)   [0.9848381  0.49721943]\n",
      "((2, 3), 2, 1)   [0.5536004  0.39118719]\n",
      "((2, 3), 2, 2)   [0.33377028 0.4482009 ]\n",
      "((3, 4), 0, 0)   [0.84881521 0.76307235]\n",
      "((3, 4), 0, 1)   [0.44128951 0.1117156 ]\n",
      "((3, 4), 0, 2)   [0.81766445 0.34244992]\n",
      "((3, 4), 1, 0)   [0.6244164  0.12299585]\n",
      "((3, 4), 1, 1)   [0.69598182 0.44877108]\n",
      "((3, 4), 1, 2)   [0.54736642 0.47341525]\n",
      "((3, 4), 2, 0)   [0.41578471 0.59588011]\n",
      "((3, 4), 2, 1)   [0.97561962 0.20149859]\n",
      "((3, 4), 2, 2)   [0.38193268 0.13761794]\n",
      "Labeler =  0\n",
      "Labeler =  1\n",
      "Labeler =  2\n",
      "Labeler =  3\n",
      "Labeler =  4\n",
      "Labeler =  0\n",
      "Labeler =  1\n",
      "Labeler =  2\n",
      "Labeler =  3\n",
      "Labeler =  4\n",
      "shape  (53, 1)\n",
      "[[0.29826734 0.         0.14838542 0.11965747 0.12909037 0.13724623\n",
      "  0.14011325 0.12181726 0.14096864 0.0957785  0.05349066 0.08251398\n",
      "  0.06491879 0.0406846  0.06842303 0.0453077  0.05847432 0.06304937\n",
      "  0.06749188 0.04763269 0.05745894 0.03711635 0.14838542 0.11965747\n",
      "  0.         0.        ]\n",
      " [0.         0.50856955 0.22176746 0.24311258 0.22728099 0.22628651\n",
      "  0.2396432  0.20690953 0.24036831 0.16333596 0.07994376 0.12332018\n",
      "  0.13189795 0.08266043 0.12046796 0.07977031 0.0964103  0.10395347\n",
      "  0.11543498 0.08146874 0.09759538 0.06304301 0.         0.\n",
      "  0.22176746 0.24311258]\n",
      " [0.14838542 0.22176746 0.45678199 0.         0.16466288 0.25400676\n",
      "  0.21127292 0.19054667 0.21587473 0.14656441 0.16466288 0.25400676\n",
      "  0.         0.         0.08727787 0.05779282 0.10822063 0.11668784\n",
      "  0.10176915 0.07182402 0.08987732 0.05805743 0.14838542 0.\n",
      "  0.22176746 0.        ]\n",
      " [0.11965747 0.24311258 0.         0.44258659 0.24012028 0.15048337\n",
      "  0.2129027  0.17532002 0.20921382 0.1422974  0.         0.\n",
      "  0.24012028 0.15048337 0.1272733  0.0842766  0.06411406 0.06913036\n",
      "  0.10255421 0.07237808 0.0826952  0.05341805 0.         0.11965747\n",
      "  0.         0.24311258]\n",
      " [0.12909037 0.22728099 0.16466288 0.24012028 0.44034497 0.\n",
      "  0.23340034 0.15455077 0.20842256 0.14233963 0.16466288 0.\n",
      "  0.24012028 0.         0.23340034 0.15455077 0.         0.\n",
      "  0.11242782 0.07934642 0.07289873 0.04708989 0.05349066 0.06491879\n",
      "  0.07994376 0.13189795]\n",
      " [0.13724623 0.22628651 0.25400676 0.15048337 0.         0.45126135\n",
      "  0.19226177 0.20730438 0.21318122 0.14421559 0.         0.25400676\n",
      "  0.         0.15048337 0.         0.         0.19226177 0.20730438\n",
      "  0.09261157 0.06536102 0.09778162 0.06316332 0.08251398 0.0406846\n",
      "  0.12332018 0.08266043]\n",
      " [0.14011325 0.2396432  0.21127292 0.2129027  0.23340034 0.19226177\n",
      "  0.47052543 0.         0.22664984 0.15995911 0.08727787 0.10822063\n",
      "  0.1272733  0.06411406 0.23340034 0.         0.19226177 0.\n",
      "  0.22664984 0.15995911 0.         0.         0.06863191 0.05756026\n",
      "  0.10257291 0.11694734]\n",
      " [0.12181726 0.20690953 0.19054667 0.17532002 0.15455077 0.20730438\n",
      "  0.         0.40754779 0.19223271 0.12417524 0.05779282 0.11668784\n",
      "  0.0842766  0.06913036 0.         0.15455077 0.         0.20730438\n",
      "  0.         0.         0.19223271 0.12417524 0.061899   0.04739943\n",
      "  0.09251033 0.0963032 ]\n",
      " [0.14096864 0.24036831 0.21587473 0.20921382 0.20842256 0.21318122\n",
      "  0.22664984 0.19223271 0.47262973 0.         0.07793767 0.11999581\n",
      "  0.1136529  0.07109013 0.11242782 0.07289873 0.09261157 0.09778162\n",
      "  0.22664984 0.         0.19223271 0.         0.07012681 0.05656294\n",
      "  0.10480709 0.11492104]\n",
      " [0.0957785  0.16333596 0.14656441 0.1422974  0.14233963 0.14421559\n",
      "  0.15995911 0.12417524 0.         0.32114327 0.05322657 0.08117632\n",
      "  0.07761785 0.04809197 0.07934642 0.04708989 0.06536102 0.06316332\n",
      "  0.         0.15995911 0.         0.12417524 0.04761138 0.03847145\n",
      "  0.07115696 0.07816389]\n",
      " [0.05349066 0.07994376 0.16466288 0.         0.16466288 0.\n",
      "  0.08727787 0.05779282 0.07793767 0.05322657 0.16466288 0.\n",
      "  0.         0.         0.08727787 0.05779282 0.         0.\n",
      "  0.04204133 0.02967085 0.0272598  0.01760882 0.05349066 0.\n",
      "  0.07994376 0.        ]\n",
      " [0.08251398 0.12332018 0.25400676 0.         0.         0.25400676\n",
      "  0.10822063 0.11668784 0.11999581 0.08117632 0.         0.25400676\n",
      "  0.         0.         0.         0.         0.10822063 0.11668784\n",
      "  0.05212936 0.03679052 0.05503949 0.03555348 0.08251398 0.\n",
      "  0.12332018 0.        ]\n",
      " [0.06491879 0.13189795 0.         0.24012028 0.24012028 0.\n",
      "  0.1272733  0.0842766  0.1136529  0.07761785 0.         0.\n",
      "  0.24012028 0.         0.1272733  0.0842766  0.         0.\n",
      "  0.06130693 0.04326764 0.0397517  0.02567813 0.         0.06491879\n",
      "  0.         0.13189795]\n",
      " [0.0406846  0.08266043 0.         0.15048337 0.         0.15048337\n",
      "  0.06411406 0.06913036 0.07109013 0.04809197 0.         0.\n",
      "  0.         0.15048337 0.         0.         0.06411406 0.06913036\n",
      "  0.03088344 0.02179612 0.03260751 0.02106325 0.         0.0406846\n",
      "  0.         0.08266043]\n",
      " [0.06842303 0.12046796 0.08727787 0.1272733  0.23340034 0.\n",
      "  0.23340034 0.         0.11242782 0.07934642 0.08727787 0.\n",
      "  0.1272733  0.         0.23340034 0.         0.         0.\n",
      "  0.11242782 0.07934642 0.         0.         0.02835218 0.03440954\n",
      "  0.04237337 0.06991115]\n",
      " [0.0453077  0.07977031 0.05779282 0.0842766  0.15455077 0.\n",
      "  0.         0.15455077 0.07289873 0.04708989 0.05779282 0.\n",
      "  0.0842766  0.         0.         0.15455077 0.         0.\n",
      "  0.         0.         0.07289873 0.04708989 0.01877397 0.02278497\n",
      "  0.02805839 0.04629309]\n",
      " [0.05847432 0.0964103  0.10822063 0.06411406 0.         0.19226177\n",
      "  0.19226177 0.         0.09261157 0.06536102 0.         0.10822063\n",
      "  0.         0.06411406 0.         0.         0.19226177 0.\n",
      "  0.09261157 0.06536102 0.         0.         0.03515542 0.01733384\n",
      "  0.05254107 0.03521782]\n",
      " [0.06304937 0.10395347 0.11668784 0.06913036 0.         0.20730438\n",
      "  0.         0.20730438 0.09778162 0.06316332 0.         0.11668784\n",
      "  0.         0.06913036 0.         0.         0.         0.20730438\n",
      "  0.         0.         0.09778162 0.06316332 0.03790599 0.01869005\n",
      "  0.0566519  0.03797327]\n",
      " [0.06749188 0.11543498 0.10176915 0.10255421 0.11242782 0.09261157\n",
      "  0.22664984 0.         0.22664984 0.         0.04204133 0.05212936\n",
      "  0.06130693 0.03088344 0.11242782 0.         0.09261157 0.\n",
      "  0.22664984 0.         0.         0.         0.03305966 0.0277265\n",
      "  0.04940888 0.05633297]\n",
      " [0.04763269 0.08146874 0.07182402 0.07237808 0.07934642 0.06536102\n",
      "  0.15995911 0.         0.         0.15995911 0.02967085 0.03679052\n",
      "  0.04326764 0.02179612 0.07934642 0.         0.06536102 0.\n",
      "  0.         0.15995911 0.         0.         0.023332   0.0195681\n",
      "  0.03487053 0.03975724]\n",
      " [0.05745894 0.09759538 0.08987732 0.0826952  0.07289873 0.09778162\n",
      "  0.         0.19223271 0.19223271 0.         0.0272598  0.05503949\n",
      "  0.0397517  0.03260751 0.         0.07289873 0.         0.09778162\n",
      "  0.         0.         0.19223271 0.         0.02919661 0.02235743\n",
      "  0.0436354  0.04542443]\n",
      " [0.03711635 0.06304301 0.05805743 0.05341805 0.04708989 0.06316332\n",
      "  0.         0.12417524 0.         0.12417524 0.01760882 0.03555348\n",
      "  0.02567813 0.02106325 0.         0.04708989 0.         0.06316332\n",
      "  0.         0.         0.         0.12417524 0.01885993 0.01444207\n",
      "  0.02818686 0.0293425 ]\n",
      " [0.14838542 0.         0.14838542 0.         0.05349066 0.08251398\n",
      "  0.06863191 0.061899   0.07012681 0.04761138 0.05349066 0.08251398\n",
      "  0.         0.         0.02835218 0.01877397 0.03515542 0.03790599\n",
      "  0.03305966 0.023332   0.02919661 0.01885993 0.14838542 0.\n",
      "  0.         0.        ]\n",
      " [0.11965747 0.         0.         0.11965747 0.06491879 0.0406846\n",
      "  0.05756026 0.04739943 0.05656294 0.03847145 0.         0.\n",
      "  0.06491879 0.0406846  0.03440954 0.02278497 0.01733384 0.01869005\n",
      "  0.0277265  0.0195681  0.02235743 0.01444207 0.         0.11965747\n",
      "  0.         0.        ]\n",
      " [0.         0.22176746 0.22176746 0.         0.07994376 0.12332018\n",
      "  0.10257291 0.09251033 0.10480709 0.07115696 0.07994376 0.12332018\n",
      "  0.         0.         0.04237337 0.02805839 0.05254107 0.0566519\n",
      "  0.04940888 0.03487053 0.0436354  0.02818686 0.         0.\n",
      "  0.22176746 0.        ]\n",
      " [0.         0.24311258 0.         0.24311258 0.13189795 0.08266043\n",
      "  0.11694734 0.0963032  0.11492104 0.07816389 0.         0.\n",
      "  0.13189795 0.08266043 0.06991115 0.04629309 0.03521782 0.03797327\n",
      "  0.05633297 0.03975724 0.04542443 0.0293425  0.         0.\n",
      "  0.         0.24311258]]\n",
      "\n",
      "Condition number =  1289.8683555384243 \n",
      "\n",
      "[[0.29826734]\n",
      " [0.50856955]\n",
      " [0.45678199]\n",
      " [0.44258659]\n",
      " [0.44034497]\n",
      " [0.45126135]\n",
      " [0.47052543]\n",
      " [0.40754779]\n",
      " [0.47262973]\n",
      " [0.32114327]\n",
      " [0.16466288]\n",
      " [0.25400676]\n",
      " [0.24012028]\n",
      " [0.15048337]\n",
      " [0.23340034]\n",
      " [0.15455077]\n",
      " [0.19226177]\n",
      " [0.20730438]\n",
      " [0.22664984]\n",
      " [0.15995911]\n",
      " [0.19223271]\n",
      " [0.12417524]\n",
      " [0.14838542]\n",
      " [0.11965747]\n",
      " [0.22176746]\n",
      " [0.24311258]]\n",
      "[0.52897294 0.47102706]\n"
     ]
    },
    {
     "name": "stdout",
     "output_type": "stream",
     "text": [
      "sig\n",
      " [[ 2.09303935e-01 -1.51689687e-01  1.21422722e-02 -1.23516572e-02\n",
      "  -2.25015371e-03  2.64970419e-03 -2.29124393e-04  2.59065113e-04\n",
      "  -1.37024711e-06 -8.04656986e-06  4.37710242e-03  6.75205974e-03\n",
      "  -6.70124999e-03 -4.19967299e-03 -1.19267092e-03 -7.89751252e-04\n",
      "   1.12891745e-03  1.21724423e-03 -1.10368119e-04 -7.78927799e-05\n",
      "   1.22196197e-04  7.89342356e-05  1.04126897e-01  8.39675543e-02\n",
      "  -6.61459919e-02 -7.25125446e-02]\n",
      " [-1.51689687e-01  2.49926563e-01 -1.05379458e-02  1.80265218e-02\n",
      "   3.33495221e-03 -3.21127233e-03  3.48291200e-04 -3.56868623e-04\n",
      "   3.22296242e-06  1.22742170e-05 -3.79876743e-03 -5.85992792e-03\n",
      "   9.78008276e-03  6.12917731e-03  1.76765725e-03  1.17049012e-03\n",
      "  -1.36817588e-03 -1.47522231e-03  1.67770198e-04  1.18404546e-04\n",
      "  -1.68328294e-04 -1.08733869e-04 -7.54643069e-02 -6.08541452e-02\n",
      "   1.08983285e-01  1.19472928e-01]\n",
      " [ 1.21422722e-02 -1.05379458e-02  2.48132203e-01 -2.02165584e-01\n",
      "  -3.64787677e-02  4.78787071e-02 -3.65462424e-03  4.38617596e-03\n",
      "  -1.40164134e-05 -1.28052648e-04  8.94478439e-02  1.37981050e-01\n",
      "  -1.09682620e-01 -6.87380916e-02 -1.93351970e-02 -1.28031931e-02\n",
      "   2.03989215e-02  2.19949383e-02 -1.76041494e-03 -1.24242050e-03\n",
      "   2.06887765e-03  1.33641864e-03  8.06056340e-02 -5.46573771e-02\n",
      "   1.20468080e-01 -1.11049450e-01]\n",
      " [-1.23516572e-02  1.80265218e-02 -2.02165584e-01  2.46703701e-01\n",
      "   4.52295023e-02 -4.92388574e-02  4.65445682e-03 -5.05516280e-03\n",
      "   3.42404799e-05  1.63698501e-04 -7.28775844e-02 -1.12419989e-01\n",
      "   1.33846264e-01  8.38814463e-02  2.39734342e-02  1.58744960e-02\n",
      "  -2.09784192e-02 -2.26197760e-02  2.24202949e-03  1.58232206e-03\n",
      "  -2.38442630e-03 -1.54025143e-03 -6.56733985e-02  6.66986780e-02\n",
      "  -9.81513058e-02  1.35514214e-01]\n",
      " [-2.25015371e-03  3.33495221e-03 -3.64787677e-02  4.52295023e-02\n",
      "   2.46441277e-01 -1.98710666e-01  2.62068323e-02 -2.49108473e-02\n",
      "   3.02431855e-04  9.25803465e-04  9.21544109e-02 -1.11850601e-01\n",
      "   1.34384524e-01 -6.62645936e-02  1.30623674e-01  8.64951165e-02\n",
      "  -8.46615026e-02 -9.12854399e-02  1.26237052e-02  8.90923483e-03\n",
      "  -1.17499835e-02 -7.59005591e-03 -1.18501112e-02  1.22282236e-02\n",
      "  -1.77104263e-02  2.48445420e-02]\n",
      " [ 2.64970419e-03 -3.21127233e-03  4.78787071e-02 -4.92388574e-02\n",
      "  -1.98710666e-01  2.47624544e-01 -2.00681739e-02  2.33938117e-02\n",
      "  -9.83086562e-05 -7.03957729e-04 -7.43059953e-02  1.39383329e-01\n",
      "  -1.08357003e-01  8.25760393e-02 -1.05324553e-01 -6.97427899e-02\n",
      "   1.05501463e-01  1.13755924e-01 -9.66674295e-03 -6.82234585e-03\n",
      "   1.10344260e-02  7.12783215e-03  1.55533763e-02 -1.33121906e-02\n",
      "   2.32450921e-02 -2.70468786e-02]\n",
      " [-2.29124393e-04  3.48291200e-04 -3.65462424e-03  4.65445682e-03\n",
      "   2.62068323e-02 -2.00681739e-02  2.49131250e-01 -1.91761599e-01\n",
      "   4.26553152e-03  8.85303361e-03  9.79979984e-03 -1.12960082e-02\n",
      "   1.42905958e-02 -6.69218926e-03  1.23579544e-01 -7.27200683e-02\n",
      "   1.01797717e-01 -9.75419818e-02  1.20005326e-01  8.46942806e-02\n",
      "  -9.04503808e-02 -5.84276094e-02 -1.18720303e-03  1.25837641e-03\n",
      "  -1.77431853e-03  2.55669070e-03]\n",
      " [ 2.59065113e-04 -3.56868623e-04  4.38617596e-03 -5.05516280e-03\n",
      "  -2.49108473e-02  2.33938117e-02 -1.91761599e-01  2.41452589e-01\n",
      "  -3.86488044e-04 -6.70598766e-03 -9.31517839e-03  1.31679489e-02\n",
      "  -1.35838947e-02  7.80119886e-03 -9.51217920e-02  9.15639461e-02\n",
      "  -7.83558586e-02  1.22817937e-01 -9.23706412e-02 -6.51909815e-02\n",
      "   1.13888697e-01  7.35678969e-02  1.42484728e-03 -1.36671106e-03\n",
      "   2.12948658e-03 -2.77679829e-03]\n",
      " [-1.37024711e-06  3.22296242e-06 -1.40164134e-05  3.42404799e-05\n",
      "   3.02431855e-04 -9.83086562e-05  4.26553152e-03 -3.86488044e-04\n",
      "   2.49250868e-01 -1.51781858e-01  1.13091564e-04 -5.53361452e-05\n",
      "   1.64916207e-04 -3.27832586e-05  2.11588245e-03 -1.46564469e-04\n",
      "   1.74294221e-03 -1.96592071e-04  1.19528387e-01 -7.56014313e-02\n",
      "   1.01377818e-01 -5.86889115e-02 -4.55322555e-06  9.25723748e-06\n",
      "  -6.80496279e-06  1.88082777e-05]\n",
      " [-8.04656986e-06  1.22742170e-05 -1.28052648e-04  1.63698501e-04\n",
      "   9.25803465e-04 -7.03957729e-04  8.85303361e-03 -6.70598766e-03\n",
      "  -1.51781858e-01  2.18010270e-01  3.46195547e-04 -3.96244936e-04\n",
      "   5.04840987e-04 -2.34750724e-04  4.39147580e-03 -2.54305285e-03\n",
      "   3.61744506e-03 -3.41108610e-03 -7.27870711e-02  1.08589318e-01\n",
      "  -6.17342426e-02  8.42971988e-02 -4.15978447e-05  4.42574374e-05\n",
      "  -6.21695065e-05  8.99195010e-05]\n",
      " [ 4.37710242e-03 -3.79876743e-03  8.94478439e-02 -7.28775844e-02\n",
      "   9.21544109e-02 -7.43059953e-02  9.79979984e-03 -9.31517839e-03\n",
      "   1.13091564e-04  3.46195547e-04  1.37549018e-01 -4.18254863e-02\n",
      "  -3.95388979e-02 -2.47790251e-02  4.88455012e-02  3.23440399e-02\n",
      "  -3.16583771e-02 -3.41353365e-02  4.72051651e-03  3.33152504e-03\n",
      "  -4.39379645e-03 -2.83823043e-03  2.90570916e-02 -1.97031440e-02\n",
      "   4.34268905e-02 -4.00316191e-02]\n",
      " [ 6.75205974e-03 -5.85992792e-03  1.37981050e-01 -1.12419989e-01\n",
      "  -1.11850601e-01  1.39383329e-01 -1.12960082e-02  1.31679489e-02\n",
      "  -5.53361452e-05 -3.96244936e-04 -4.18254863e-02  1.89487328e-01\n",
      "  -6.09921760e-02 -3.82237932e-02 -5.92852651e-02 -3.92569414e-02\n",
      "   5.93848447e-02  6.40311299e-02 -5.44123288e-03 -3.84017375e-03\n",
      "   6.21107665e-03  4.01212640e-03  4.48230816e-02 -3.03938069e-02\n",
      "   6.69897414e-02 -6.17522411e-02]\n",
      " [-6.70124999e-03  9.78008276e-03 -1.09682620e-01  1.33846264e-01\n",
      "   1.34384524e-01 -1.08357003e-01  1.42905958e-02 -1.35838947e-02\n",
      "   1.64916207e-04  5.04840987e-04 -3.95388979e-02 -6.09921760e-02\n",
      "   1.82462532e-01 -3.61341085e-02  7.12291399e-02  4.71658205e-02\n",
      "  -4.61659501e-02 -4.97779856e-02  6.88371134e-03  4.85820919e-03\n",
      "  -6.40727055e-03 -4.13886042e-03 -3.56303494e-02  3.61866031e-02\n",
      "  -5.32508657e-02  7.35216832e-02]\n",
      " [-4.19967299e-03  6.12917731e-03 -6.87380916e-02  8.38814463e-02\n",
      "  -6.62645936e-02  8.25760393e-02 -6.69218926e-03  7.80119886e-03\n",
      "  -3.27832586e-05 -2.34750724e-04 -2.47790251e-02 -3.82237932e-02\n",
      "  -3.61341085e-02  1.27838123e-01 -3.51228689e-02 -2.32573204e-02\n",
      "   3.51818637e-02  3.79345015e-02 -3.22359542e-03 -2.27506648e-03\n",
      "   3.67968045e-03  2.37693784e-03 -2.23295380e-02  2.26781421e-02\n",
      "  -3.33723145e-02  4.60760347e-02]\n",
      " [-1.19267092e-03  1.76765725e-03 -1.93351970e-02  2.39734342e-02\n",
      "   1.30623674e-01 -1.05324553e-01  1.23579544e-01 -9.51217920e-02\n",
      "   2.11588245e-03  4.39147580e-03  4.88455012e-02 -5.92852651e-02\n",
      "   7.12291399e-02 -3.51228689e-02  1.78924621e-01 -3.60722024e-02\n",
      "  -4.48739620e-02 -4.83849121e-02  5.95276726e-02  4.20119137e-02\n",
      "  -4.48671807e-02 -2.89825436e-02 -6.28103001e-03  6.48144461e-03\n",
      "  -9.38723000e-03  1.31685949e-02]\n",
      " [-7.89751252e-04  1.17049012e-03 -1.28031931e-02  1.58744960e-02\n",
      "   8.64951165e-02 -6.97427899e-02 -7.27200683e-02  9.15639461e-02\n",
      "  -1.46564469e-04 -2.54305285e-03  3.23440399e-02 -3.92569414e-02\n",
      "   4.71658205e-02 -2.32573204e-02 -3.60722024e-02  1.30664830e-01\n",
      "  -2.97142046e-02 -3.20390514e-02 -3.50289076e-02 -2.47218038e-02\n",
      "   4.31890109e-02  2.78985079e-02 -4.15911149e-03  4.29182008e-03\n",
      "  -6.21594485e-03  8.71985236e-03]\n",
      " [ 1.12891745e-03 -1.36817588e-03  2.03989215e-02 -2.09784192e-02\n",
      "  -8.46615026e-02  1.05501463e-01  1.01797717e-01 -7.83558586e-02\n",
      "   1.74294221e-03  3.61744506e-03 -3.16583771e-02  5.93848447e-02\n",
      "  -4.61659501e-02  3.51818637e-02 -4.48739620e-02 -2.97142046e-02\n",
      "   1.55297181e-01 -3.98567063e-02  4.90354713e-02  3.46069970e-02\n",
      "  -3.69590016e-02 -2.38741517e-02  6.62658043e-03 -5.67171397e-03\n",
      "   9.90366780e-03 -1.15234347e-02]\n",
      " [ 1.21724423e-03 -1.47522231e-03  2.19949383e-02 -2.26197760e-02\n",
      "  -9.12854399e-02  1.13755924e-01 -9.75419818e-02  1.22817937e-01\n",
      "  -1.96592071e-04 -3.41108610e-03 -3.41353365e-02  6.40311299e-02\n",
      "  -4.97779856e-02  3.79345015e-02 -4.83849121e-02 -3.20390514e-02\n",
      "  -3.98567063e-02  1.64329273e-01 -4.69855041e-02 -3.31602237e-02\n",
      "   5.79309373e-02  3.74212485e-02  7.14504575e-03 -6.11547030e-03\n",
      "   1.06785333e-02 -1.24250311e-02]\n",
      " [-1.10368119e-04  1.67770198e-04 -1.76041494e-03  2.24202949e-03\n",
      "   1.26237052e-02 -9.66674295e-03  1.20005326e-01 -9.23706412e-02\n",
      "   1.19528387e-01 -7.27870711e-02  4.72051651e-03 -5.44123288e-03\n",
      "   6.88371134e-03 -3.22359542e-03  5.95276726e-02 -3.50289076e-02\n",
      "   4.90354713e-02 -4.69855041e-02  1.75279690e-01 -3.62547067e-02\n",
      "  -4.35695140e-02 -2.81442988e-02 -5.71869998e-04  6.06153872e-04\n",
      "  -8.54680712e-04  1.23154563e-03]\n",
      " [-7.78927799e-05  1.18404546e-04 -1.24242050e-03  1.58232206e-03\n",
      "   8.90923483e-03 -6.82234585e-03  8.46942806e-02 -6.51909815e-02\n",
      "  -7.56014313e-02  1.08589318e-01  3.33152504e-03 -3.84017375e-03\n",
      "   4.85820919e-03 -2.27506648e-03  4.20119137e-02 -2.47218038e-02\n",
      "   3.46069970e-02 -3.31602237e-02 -3.62547067e-02  1.34372193e-01\n",
      "  -3.07493738e-02 -1.98629612e-02 -4.03599736e-04  4.27795729e-04\n",
      "  -6.03194627e-04  8.69168681e-04]\n",
      " [ 1.22196197e-04 -1.68328294e-04  2.06887765e-03 -2.38442630e-03\n",
      "  -1.17499835e-02  1.10344260e-02 -9.04503808e-02  1.13888697e-01\n",
      "   1.01377818e-01 -6.17342426e-02 -4.39379645e-03  6.21107665e-03\n",
      "  -6.40727055e-03  3.67968045e-03 -4.48671807e-02  4.31890109e-02\n",
      "  -3.69590016e-02  5.79309373e-02 -4.35695140e-02 -3.07493738e-02\n",
      "   1.55279298e-01 -2.38705438e-02  6.72073968e-04 -6.44652194e-04\n",
      "   1.00443922e-03 -1.30976412e-03]\n",
      " [ 7.89342356e-05 -1.08733869e-04  1.33641864e-03 -1.54025143e-03\n",
      "  -7.59005591e-03  7.12783215e-03 -5.84276094e-02  7.35678969e-02\n",
      "  -5.86889115e-02  8.42971988e-02 -2.83823043e-03  4.01212640e-03\n",
      "  -4.13886042e-03  2.37693784e-03 -2.89825436e-02  2.78985079e-02\n",
      "  -2.38741517e-02  3.74212485e-02 -2.81442988e-02 -1.98629612e-02\n",
      "  -2.38705438e-02  1.08755751e-01  4.34134991e-04 -4.16421538e-04\n",
      "   6.48830687e-04 -8.46059308e-04]\n",
      " [ 1.04126897e-01 -7.54643069e-02  8.06056340e-02 -6.56733985e-02\n",
      "  -1.18501112e-02  1.55533763e-02 -1.18720303e-03  1.42484728e-03\n",
      "  -4.55322555e-06 -4.15978447e-05  2.90570916e-02  4.48230816e-02\n",
      "  -3.56303494e-02 -2.23295380e-02 -6.28103001e-03 -4.15911149e-03\n",
      "   6.62658043e-03  7.14504575e-03 -5.71869998e-04 -4.03599736e-04\n",
      "   6.72073968e-04  4.34134991e-04  1.26367189e-01 -1.77554242e-02\n",
      "  -3.29070586e-02 -3.60743635e-02]\n",
      " [ 8.39675543e-02 -6.08541452e-02 -5.46573771e-02  6.66986780e-02\n",
      "   1.22282236e-02 -1.33121906e-02  1.25837641e-03 -1.36671106e-03\n",
      "   9.25723748e-06  4.42574374e-05 -1.97031440e-02 -3.03938069e-02\n",
      "   3.61866031e-02  2.26781421e-02  6.48144461e-03  4.29182008e-03\n",
      "  -5.67171397e-03 -6.11547030e-03  6.06153872e-04  4.27795729e-04\n",
      "  -6.44652194e-04 -4.16421538e-04 -1.77554242e-02  1.05339560e-01\n",
      "  -2.65361335e-02 -2.90902368e-02]\n",
      " [-6.61459919e-02  1.08983285e-01  1.20468080e-01 -9.81513058e-02\n",
      "  -1.77104263e-02  2.32450921e-02 -1.77431853e-03  2.12948658e-03\n",
      "  -6.80496279e-06 -6.21695065e-05  4.34268905e-02  6.69897414e-02\n",
      "  -5.32508657e-02 -3.33723145e-02 -9.38723000e-03 -6.21594485e-03\n",
      "   9.90366780e-03  1.06785333e-02 -8.54680712e-04 -6.03194627e-04\n",
      "   1.00443922e-03  6.48830687e-04 -3.29070586e-02 -2.65361335e-02\n",
      "   1.72586655e-01 -5.39144610e-02]\n",
      " [-7.25125446e-02  1.19472928e-01 -1.11049450e-01  1.35514214e-01\n",
      "   2.48445420e-02 -2.70468786e-02  2.55669070e-03 -2.77679829e-03\n",
      "   1.88082777e-05  8.99195010e-05 -4.00316191e-02 -6.17522411e-02\n",
      "   7.35216832e-02  4.60760347e-02  1.31685949e-02  8.71985236e-03\n",
      "  -1.15234347e-02 -1.24250311e-02  1.23154563e-03  8.69168681e-04\n",
      "  -1.30976412e-03 -8.46059308e-04 -3.60743635e-02 -2.90902368e-02\n",
      "  -5.39144610e-02  1.84008856e-01]]\n",
      "\n",
      "Condition number =  687.5651187079512 \n",
      "\n",
      "moment of truth!!!\n",
      "note this is with the joint form!\n"
     ]
    }
   ],
   "source": [
    "# Generate synthetic dataset\n",
    "np.random.seed(2)\n",
    "N = 10000\n",
    "M = 5\n",
    "K = 2\n",
    "EDGE_PROB=1.0\n",
    "data = SingleTaskTreeDepsGenerator(N, M, k=K, edge_prob=EDGE_PROB)\n",
    "\n"
   ]
  },
  {
   "cell_type": "code",
   "execution_count": 3,
   "metadata": {},
   "outputs": [
    {
     "data": {
      "text/plain": [
       "array([[0.29826734],\n",
       "       [0.50856955],\n",
       "       [0.45678199],\n",
       "       [0.44258659],\n",
       "       [0.44034497],\n",
       "       [0.45126135],\n",
       "       [0.47052543],\n",
       "       [0.40754779],\n",
       "       [0.47262973],\n",
       "       [0.32114327],\n",
       "       [0.16466288],\n",
       "       [0.25400676],\n",
       "       [0.24012028],\n",
       "       [0.15048337],\n",
       "       [0.23340034],\n",
       "       [0.15455077],\n",
       "       [0.19226177],\n",
       "       [0.20730438],\n",
       "       [0.22664984],\n",
       "       [0.15995911],\n",
       "       [0.19223271],\n",
       "       [0.12417524],\n",
       "       [0.14838542],\n",
       "       [0.11965747],\n",
       "       [0.22176746],\n",
       "       [0.24311258]])"
      ]
     },
     "execution_count": 3,
     "metadata": {},
     "output_type": "execute_result"
    }
   ],
   "source": [
    "data.mu_true"
   ]
  },
  {
   "cell_type": "code",
   "execution_count": 4,
   "metadata": {},
   "outputs": [
    {
     "data": {
      "text/plain": [
       "(26, 26)"
      ]
     },
     "execution_count": 4,
     "metadata": {},
     "output_type": "execute_result"
    }
   ],
   "source": [
    "data.O_true.shape"
   ]
  },
  {
   "cell_type": "code",
   "execution_count": 5,
   "metadata": {},
   "outputs": [
    {
     "name": "stdout",
     "output_type": "stream",
     "text": [
      "[(0, 1), (1, 2), (2, 3), (3, 4)]\n"
     ]
    }
   ],
   "source": [
    "print(data.E)\n",
    "#print(data.sig_inv_hp[0,6])"
   ]
  },
  {
   "cell_type": "code",
   "execution_count": 6,
   "metadata": {},
   "outputs": [],
   "source": [
    "#data.c_tree.c_data"
   ]
  },
  {
   "cell_type": "code",
   "execution_count": 7,
   "metadata": {
    "scrolled": false
   },
   "outputs": [
    {
     "name": "stdout",
     "output_type": "stream",
     "text": [
      "[(0, 1), (1, 2), (2, 3), (3, 4)]\n",
      "\n",
      "\n",
      "\n",
      "\n",
      "[[ 1. -1.  0.  0.  0.  0.  0.  0.  0.  0.  0.  0.  0.  0.  0.  0.  0.  0.\n",
      "   0.  0.  0.  0.  0.  0.  0.  0.]\n",
      " [ 0.  0.  1. -1.  0.  0.  0.  0.  0.  0.  0.  0.  0.  0.  0.  0.  0.  0.\n",
      "   0.  0.  0.  0.  0.  0.  0.  0.]\n",
      " [ 0.  0.  0.  0.  1. -1.  0.  0.  0.  0.  0.  0.  0.  0.  0.  0.  0.  0.\n",
      "   0.  0.  0.  0.  0.  0.  0.  0.]\n",
      " [ 0.  0.  0.  0.  0.  0.  1. -1.  0.  0.  0.  0.  0.  0.  0.  0.  0.  0.\n",
      "   0.  0.  0.  0.  0.  0.  0.  0.]\n",
      " [ 0.  0.  0.  0.  0.  0.  0.  0.  1. -1.  0.  0.  0.  0.  0.  0.  0.  0.\n",
      "   0.  0.  0.  0.  0.  0.  0.  0.]\n",
      " [ 0.  0.  0.  0.  0.  0.  0.  0.  0.  0.  1. -1.  1. -1.  0.  0.  0.  0.\n",
      "   0.  0.  0.  0.  0.  0.  0.  0.]\n",
      " [ 0.  0.  0.  0.  0.  0.  0.  0.  0.  0.  0.  0.  0.  0.  1. -1.  1. -1.\n",
      "   0.  0.  0.  0.  0.  0.  0.  0.]\n",
      " [ 0.  0.  0.  0.  0.  0.  0.  0.  0.  0.  0.  0.  0.  0.  0.  0.  0.  0.\n",
      "   1. -1.  1. -1.  0.  0.  0.  0.]\n",
      " [ 0.  0.  0.  0.  0.  0.  0.  0.  0.  0.  0.  0.  0.  0.  0.  0.  0.  0.\n",
      "   0.  0.  0.  0.  1. -1.  1. -1.]]\n"
     ]
    }
   ],
   "source": [
    "# mask the diagonals so we don't get influenced by them unfairly\n",
    "'''sg_no_diag = np.copy(data.sig_inv)\n",
    "for i in range(M):\n",
    "    sg_no_diag[i*2:i*2+2,i*2:i*2+2] = np.zeros([2,2])\n",
    "for j in range(M-1):\n",
    "    sg_no_diag[2*M+j*4:2*M+j*4+4,2*M+j*4:2*M+j*4+4] = np.zeros([4,4])\n",
    "'''\n",
    "print(data.E)\n",
    "#visualize_matrix(np.abs(data.sig_inv))\n",
    "#visualize_matrix(np.abs(sg_no_diag))\n",
    "\n",
    "V = np.copy(data.sig_this)\n",
    "R_s = np.zeros([1,2])\n",
    "R_s[0,0] = 1\n",
    "R_s[0,1] = -1\n",
    "#R = np.zeros([7,14])\n",
    "R = np.zeros([9,26])\n",
    "\n",
    "\n",
    "\n",
    "print('\\n\\n\\n')\n",
    "\n",
    "for i in range(5):\n",
    "#for i in range(7):\n",
    "    R[i:i+1, 2*i:2*i+2] = R_s\n",
    "\n",
    "for i in range(4):\n",
    "    R[5+i:5+i+1, 10+4*i : 10+4*i+2 ] = R_s\n",
    "    R[5+i:5+i+1, 10+4*i+2 : 10+4*i+4 ] = R_s\n",
    "    \n",
    "print(R)\n",
    "roll = R @ V @ R.T\n",
    "#print(np.linalg.inv(roll))\n",
    "\n",
    "\n",
    "R_mu = R @ data.mu_true \n",
    "\n",
    "#print('\\n\\n\\n')\n",
    "\n",
    "\n",
    "\n",
    "\n",
    "#print(np.linalg.inv(data.sig_this))\n",
    "#print(data.big_sig_inv)"
   ]
  },
  {
   "cell_type": "code",
   "execution_count": 8,
   "metadata": {},
   "outputs": [
    {
     "name": "stdout",
     "output_type": "stream",
     "text": [
      "[[ 1.31760690e+00 -1.13701369e-02  1.38392246e-02  7.17648199e-05\n",
      "  -6.03549359e-05 -1.38025266e-02  8.18159797e-06  6.91548127e-05\n",
      "  -8.14399652e-02]\n",
      " [-1.13701369e-02  6.06095876e+00 -5.63307541e-03 -1.53549603e-03\n",
      "   1.29136761e-03  2.63099910e-01 -1.75055287e-04 -1.47965173e-03\n",
      "  -6.00852730e+00]\n",
      " [ 1.38392246e-02 -5.63307541e-03  1.21788027e+01  1.34533654e-03\n",
      "  -6.06005347e-03 -1.21648751e+01 -1.37260507e-01  6.94362203e-03\n",
      "   3.35100866e-03]\n",
      " [ 7.17648199e-05 -1.53549603e-03  1.34533654e-03  1.10432209e+01\n",
      "  -1.23743316e-03 -1.59262902e-03 -1.10437834e+01  1.99284997e-02\n",
      "   1.73770236e-05]\n",
      " [-6.03549359e-05  1.29136761e-03 -6.06005347e-03 -1.23743316e-03\n",
      "   1.10537833e+01  1.33941704e-03  1.73262236e-02 -1.10171891e+01\n",
      "  -1.46142518e-05]\n",
      " [-1.38025266e-02  2.63099910e-01 -1.21648751e+01 -1.59262902e-03\n",
      "   1.33941704e-03  1.34581949e+01 -1.81568774e-04 -1.53470686e-03\n",
      "  -3.34212266e-03]\n",
      " [ 8.18159797e-06 -1.75055287e-04 -1.37260507e-01 -1.10437834e+01\n",
      "   1.73262236e-02 -1.81568774e-04  1.23375252e+01 -1.98524235e-02\n",
      "   1.98107961e-06]\n",
      " [ 6.91548127e-05 -1.47965173e-03  6.94362203e-03  1.99284997e-02\n",
      "  -1.10171891e+01 -1.53470686e-03 -1.98524235e-02  1.24411068e+01\n",
      "   1.67450405e-05]\n",
      " [-8.14399652e-02 -6.00852730e+00  3.35100866e-03  1.73770236e-05\n",
      "  -1.46142518e-05 -3.34212266e-03  1.98107962e-06  1.67450405e-05\n",
      "   7.37835501e+00]]\n"
     ]
    },
    {
     "data": {
