{
 "cells": [
  {
   "cell_type": "markdown",
   "metadata": {},
   "source": [
    "## Debugging the `LabelModel` with deps + higher-order cliques"
   ]
  },
  {
   "cell_type": "code",
   "execution_count": 1,
   "metadata": {
    "collapsed": true
   },
   "outputs": [],
   "source": [
    "%matplotlib inline\n",
    "%load_ext autoreload\n",
    "%autoreload 2\n",
    "\n",
    "# 052f482ee8732d1d53f6a4cd5c6a47a7009d868b\n",
    "\n",
    "import sys\n",
    "sys.path.append(\"../\") # go to parent dir\n",
    "\n",
    "import numpy as np\n",
    "import torch\n",
    "import matplotlib.pyplot as plt\n",
    "import mpmath\n",
    "\n",
    "from synthetic.generate import SingleTaskTreeDepsGenerator\n",
    "from metal.label_model import LabelModel\n",
    "from metal.label_model.utils import (\n",
    "    compute_mu,\n",
    "    compute_covariance,\n",
    "    compute_inv_covariance,\n",
    "    print_matrix,\n",
    "    visualize_matrix\n",
    ")"
   ]
  },
  {
   "cell_type": "markdown",
   "metadata": {},
   "source": [
    "### Generating a dataset"
   ]
  },
  {
   "cell_type": "code",
   "execution_count": 2,
   "metadata": {
    "collapsed": true,
    "scrolled": false
   },
   "outputs": [],
   "source": [
    "# Generate synthetic dataset\n",
    "np.random.seed(949293)\n",
    "N = 10000\n",
    "M = 15\n",
    "K = 2\n",
    "EDGE_PROB=1.0\n",
    "data = SingleTaskTreeDepsGenerator(N, M, k=K, edge_prob=EDGE_PROB)"
   ]
  },
  {
   "cell_type": "code",
   "execution_count": 3,
   "metadata": {
    "scrolled": false
   },
   "outputs": [
    {
     "name": "stdout",
     "output_type": "stream",
     "text": [
      "[(0, 1), (1, 2), (2, 3), (3, 4), (4, 5), (5, 6), (6, 7), (7, 8), (8, 9), (9, 10), (10, 11), (11, 12), (12, 13), (13, 14)]\n"
     ]
    }
   ],
   "source": [
    "# mask the diagonals so we don't get influenced by them unfairly\n",
    "'''sg_no_diag = np.copy(data.sig_inv)\n",
    "for i in range(M):\n",
    "    sg_no_diag[i*2:i*2+2,i*2:i*2+2] = np.zeros([2,2])\n",
    "for j in range(M-1):\n",
    "    sg_no_diag[2*M+j*4:2*M+j*4+4,2*M+j*4:2*M+j*4+4] = np.zeros([4,4])\n",
    "'''\n",
    "\n",
    "print(data.E)\n",
    "#visualize_matrix(np.abs(data.sig_inv))\n",
    "#visualize_matrix(np.abs(sg_no_diag))\n",
    "\n",
    "R_s = np.zeros([1,2])\n",
    "R_s[0,0] = 1\n",
    "R_s[0,1] = -1\n",
    "\n",
    "R = np.zeros([2*M-1, 2*M+4*(M-1)])\n",
    "m = M\n",
    "\n",
    "for i in range(m):\n",
    "    R[i:i+1, 2*i:2*i+2] = R_s\n",
    "\n",
    "for i in range(m-1):\n",
    "    R[m+i:m+i+1, 2*m+4*i : 2*m+4*i+2 ] = R_s\n",
    "    R[m+i:m+i+1, 2*m+4*i+2 : 2*m+4*i+4 ] = R_s\n",
    "\n",
    "V = np.copy(data.sig_this)\n",
    "\n",
    "roll = R @ V @ R.T\n",
    "R_mu = R @ data.mu_true "
   ]
  },
  {
   "cell_type": "code",
   "execution_count": 4,
   "metadata": {},
   "outputs": [
    {
     "data": {
      "image/png": "iVBORw0KGgoAAAANSUhEUgAAAisAAAI3CAYAAABauhvIAAAABHNCSVQICAgIfAhkiAAAAAlwSFlz\nAAALEgAACxIB0t1+/AAAADl0RVh0U29mdHdhcmUAbWF0cGxvdGxpYiB2ZXJzaW9uIDIuMS4yLCBo\ndHRwOi8vbWF0cGxvdGxpYi5vcmcvNQv5yAAAIABJREFUeJzt3X+wZGd5H/jvg0D8NpE8oBVItgQa\nscsmtiBjLCNC0OIfCostu+K4UBWyskuVsgG8OEXhkp2k8B9xhYpjO66yQ9U4aIEywevwY1FcFFjR\nEisEkBFCERICScYYJIQGIQpTJAE08+SPaSXDMHfuvd19zz33nc+nqut2n+73nLe7+t555nve9z3V\n3QEAmKtH7XYHAABORrECAMyaYgUAmDXFCgAwa4oVAGDWFCsAwKwpVgCAWVOsAACzplgBAGbt0bvd\nAQBgPX7i0if2Vx46PMmxPn7bNz/Q3ZdNcSzFCgAM4isPHc6ffuD7JjnWaWffvW+SA8VpIABg5iQr\nADCITnIkR3a7G2snWQEAZk2yAgDD6BxuyQoAwKQkKwAwiKNjVnq3u7F2khUAYNYkKwAwELOBAAAm\nJlkBgEF0OofbmBUAgElJVgBgIGYDAQBMTLECAMya00AAMIhOcthpIACAaUlWAGAgBtgCAExMsgIA\ng+jEonAAAFOTrADAQMa7jKFkBQCYOckKAAyi09ZZAQCYmmQFAEbRyeHxghXJCgAwb5IVABhEx2wg\nAIDJSVYAYBiVw6nd7sTaSVYAgFlTrAAAs+Y0EAAMopMcMXUZAGBrquraqjpUVbcft/0XqurTVXVH\nVf2zzfYjWQGAgcxsgO1bkvxOkrc9sqGqLk1yeZIf7O5vVtXTNtuJZAUA2BHdfWOSh47b/PeTvLG7\nv7l4zaHN9qNYAYBBdI4mK1PcVnBhkr9RVTdV1Z9U1Q9t1sBpIABgGfuq6uZjHh/s7oNbaPfoJGcm\nuTjJDyX5w6p6ZndvODRYsQIAAznSk41ZebC7DyzR7t4k714UJ39aVUeS7Evy5Y0aOA0EAEzp/0ty\naZJU1YVJTk/y4MkaSFYAYBCPjFmZi6p6R5IX5+gpo3uTvCHJtUmuXUxn/laSq052CihRrAAAO6S7\nr9jgqVdsZz+KFQAYRKdyeMARHuO9IwBgKJIVABjIhLOBJiNZAQBmTbICAIOY22ygdZGsAACzNmmy\ncvqjHt+Pf/STl2rb3354zb0BgJ31X/ONfKu/OV7UMbFJi5XHP/rJecG+n1uq7cNfemDNvQFgUrXi\nv9knXzdslm7qGyY+YuVwj3fSZLx3BAAMxQBbABhEJzkyYA6x0juqqsuq6jNVdU9VXbOuTgEAPGLp\nZKWqTkvyu0l+LEcv9/yxqrquuz+1rs4BANtj6vJ3en6Se7r7s939rSR/kOTy9XQLAOCoVcasPCPJ\nF455fG+SHz7+RVV1dZKrk+Rxpz1phcMBACfTbTbQUrr7YHcf6O4Dpz/q8Tt9OABgMKskK/clOfeY\nx+cstgEAu+SIMSvf4WNJ9lfV+VV1epKXJ7luPd0CADhq6WSlux+uqtck+UCS05Jc2913rK1nAMC2\nHL2Q4XhjVlZaFK6735fkfWvqCwDAd7GCLQAMY8zZQJMWK/3th5e+IOFd//L5Kx37wlf96UrtgZNY\n5QJ1e/DidCzn7t9Z7e/4/lfftKaesNdIVgBgEK4NBACwCxQrAMCsOQ0EAAM53BaFAwCYlGQFAAbR\nqSEXhRvvHQEAQ5GsAMBAjgy4KNx47wgAGIpkBQAGMeqFDMd7RwDAUCQrADCITllnBQBgapIVABiI\nCxkCAExszyQrF77qT1dq/9k3/sjSbZ95zUdWOjaM7s//6cVLtz3f79cpY/+rb9rtLgyvOzlsnRUA\ngGntmWQFANhM5UjMBgIAmJRiBQCYNaeBAGAQHQNsAQAmJ1kBgIG4kCEAwMQkKwAwiE7liAsZAgBM\nS7ICAAMxZgUAYGKSFQAYRCc5Yp0VAIBpnTLJyjNXuAz9Q3904UrHPvNld63UHubu/BV+v05ZtcKM\nje6lmz74b1f7e7bvJ/09m7fKYRcyBACY1imTrADA6IxZAQDYBYoVABjI4cW4lZ2+bUVVXVtVh6rq\n9hM897qq6qrat9l+FCsAwE55S5LLjt9YVecm+fEkn9/KToxZAYBBdNesxqx0941Vdd4JnvqtJL+U\n5L1b2Y9iBQBYxr6quvmYxwe7++Bmjarq8iT3dfd/qi1O4VesAADLeLC7D2ynQVU9Icmv5OgpoC1T\nrADAQA7P6DTQCTwryflJHklVzklyS1U9v7u/tFEjxQoAMInu/mSSpz3yuKo+l+RAdz94snazLr8A\ngK3rJEdSk9y2oqrekeQjSZ5dVfdW1SuXeV+SFQBgR3T3FZs8f95W9qNYAYBh1NzHrCxlvHcEAAxF\nsgIAgzh6IcOtjSfZSxQrW3Dmy+5aqf09v//cpdte8IpPrHRsYJ7uedtFS7e94Mrl/y7s+8nV/p7B\nblCsAMBADg84wmO8dwQADEWyAgCD6NSQY1YkKwDArElWAGAgRwbMIcZ7RwDAUCQrADCI7uSwMSsA\nANNSrAAAs+Y0EAAMxNRlAICJSVYAYBBHF4UbL4cY7x0BAEORrADAQA5nvDEripUJXPCK5S/nfu+7\n/tel257zt+9Yui2wsy64cvm/C0zv8//mry3V7lu/9OE19+TUpFgBgEF0zAYCAJicZAUAhmE2EADA\n5FZKVqrqc0m+nuRwkoe7+8A6OgUALOeI2UAndGl3P7iG/QAAfBdjVgBgEN3JYbOBvksn+eOq+nhV\nXX2iF1TV1VV1c1Xd/O18c8XDAQCnmlWTlRd2931V9bQk11fVp7v7xmNf0N0HkxxMku+pM3vF4wEA\nJ2E20HG6+77Fz0NJ3pPk+evoFADAI5YuVqrqiVX15EfuJ/nxJLevq2MAAMlqp4HOSvKeqnpkP/+6\nu9+/ll4BANvWqSGX21+6WOnuzyb5wTX2BQDgu5i6DAADsSgckzvnb9+xdNtf/9xHVzr268+7eKX2\nsBWrfE9ff/6PrHbwNkGRrfm+v/PJpdrd3/9lzT05NSlWAGAQnQw5ZmW8ydgAwFAkKwAwEIvCAQBM\nTLICAKPoMddZkawAALMmWQGAQXTGXGdFsgIAzJpkBQAGYswKAMDEJCsAMAgr2AIA7ALFCgAwa04D\nAcBAnAYCAJiYZGVgrz/v4pXaH3rv/7x026dd/umVjs2pY5Xv6aH3PnulY/ueMpqO5fYBACYnWQGA\ngVhuHwBgYpIVABhFmw0EALBlVXVtVR2qqtuP2fbrVfXpqrqtqt5TVX9ls/0oVgBgEI8stz/FbYve\nkuSy47Zdn+SvdvcPJLkryS9vthPFCgCwI7r7xiQPHbftj7v74cXDjyY5Z7P9GLMCAAOZcMzKvqq6\n+ZjHB7v74Db38X8m+X83e5FiBQBYxoPdfWDZxlX1D5M8nOTtm71WsQIAg9grK9hW1d9N8rIkL+nu\n3uz1ihUAYDJVdVmSX0ryN7v7P2+ljWIFAAbSM0pWquodSV6co+Nb7k3yhhyd/fPYJNdXVZJ8tLv/\nr5PtR7ECAOyI7r7iBJvfvN39mLoMAMyaZIUNPe3yTy/d9p7ff+5Kx77gyluXb7z5WC0Gscp3NElS\nK8Tlu/g9u/ttz1u67f6fv2WNPWGOXMgQAGBikhUAGES7kCEAwPQkKwAwkDlNXV4XyQoAMGuSFQAY\nxt5Ybn+7JCsAwKxJVgBgIMasAABMTLICAIPoWGcFAGBykhUAGEWPeXk0yQoAMGuSFQAYiKsuAwBM\nTLLCjrjgyltXav/377p76bZv2n/BSsfm1HH1Z/5s6bYHL3zmGnuyPft//pZdOzbsBsUKAAyiY1E4\nAIDJSVYAYBguZAgAMDnJCgAMxKJwAAATk6wAwEDMBgIAmJhkBQAG0S1ZAQCYnGQFAAZinRUAgIlJ\nVgBgINZZAQCYmGSFnbFiaf+m/Rcs3fa0Dz59pWMfvvSLK7Vn7zh44TN3uwt7z6NOW77tkcPr68c2\nnUp/F8wGAgCYmGIFAJg1p4EAYBCdchoIAGBqmxYrVXVtVR2qqtuP2XZmVV1fVXcvfp6xs90EALai\nJ7pNaSvJyluSXHbctmuS3NDd+5PcsHgMALB2mxYr3X1jkoeO23x5krcu7r81yU+vuV8AwHYtLmQ4\nxW1Kyw6wPau771/c/1KSszZ6YVVdneTqJHlcnrDk4QCAU9XKs4G6u6tqw9NX3X0wycEk+Z46c8BF\ngAFgRgb8l3bZ2UAPVNXZSbL4eWh9XQIA+B+WLVauS3LV4v5VSd67nu4AAKsYcczKVqYuvyPJR5I8\nu6rurapXJnljkh+rqruT/OjiMQDA2m06ZqW7r9jgqZesuS8AwIpWvI7sLFnBFgCYNdcGAoBBdDLk\ntYEUKwzn8KVfXKn9Gf/xzKXbfvWS49dPhLGc8R+esnTblX8/HnXa0k1X/bvA7lKsAMAoOsmAyYox\nKwDArClWAIBZcxoIAAZi6jIAwMQUKwAwkp7otgVVdW1VHaqq24/ZdmZVXV9Vdy9+nrHZfhQrAMBO\neUuSy47bdk2SG7p7f5IbFo9PSrECAMOY5iKGW114rrtvTHL8AjuXJ3nr4v5bk/z0ZvtRrAAAUzqr\nu+9f3P9SkrM2a2A2EACMZLrZQPuq6uZjHh/s7oPb2UF3d1Vt2mPFCgCwjAe7+8AS7R6oqrO7+/6q\nOjvJoc0aOA0EAKPozGrMygauS3LV4v5VSd67WQPFCgCwI6rqHUk+kuTZVXVvVb0yyRuT/FhV3Z3k\nRxePT8ppIAAYyYxWsO3uKzZ46iXb2Y9iBY6zymXsv/CPXrB023P/yYeXbgtTWeX3Y1Vf+OUfXrrt\nub/m92svU6wAwFBWGk8yS8asAACzJlkBgJHMaMzKukhWAIBZU6wAALPmNBAAjMRpIACAaUlWAGAU\nnWS1pfBnSbICAMyaZAUABtLGrAAATEuyAgAjkawAAExLsgIAIxlwNpBiBdbo3H+y/GXoz/iPZ650\n7K9e8tBK7dmep3zoe1dq/7UXfmVNPTl1nPtry/9+sbcpVgBgIGXMCgDAtCQrADCKjtlAAABTk6wA\nwDBqyNlAkhUAYNYUKwDArDkNBAAjMcAWAGBakhUAGIlkBQBgWpIVABiJZAUAYFqSFQAYRceicAAA\nU5OswEx89ZKHVmr/6rvvWrrtkRX/3/Km/Res1H4v+toLv7LbXYATKmNWAACmJVkBgJFIVgAApqVY\nAQBmTbECAMyaMSsAMBCzgQAAJiZZAYCRWMEWAGBaihUAYNacBgKAUXQsCgcAMDXJCgCMRLICADAt\nyQoM4sgK//d43mO/tOLRL1ixPbAuFoUDAJiYZAUARiJZAQCYlmQFAEZyKiYrVXVtVR2qqtuP2far\nVXVfVd26uL10Z7sJAJyqtnIa6C1JLjvB9t/q7osWt/ett1sAwHZVT3eb0qbFSnffmOShCfoCAPBd\nVhlg+5qqum1xmuiMjV5UVVdX1c1VdfO3880VDgcAbKprmtsWVNU/qKo7qur2qnpHVT1umbe0bLHy\npiTPSnJRkvuT/MZGL+zug919oLsPPCaPXfJwAMBeUlXPSPJ/JznQ3X81yWlJXr7MvpaaDdTdDxzT\nmd9L8kfL7AcAWLN5zQZ6dJLHV9W3kzwhyReX2clSyUpVnX3Mw59JcvtGrwUATj3dfV+Sf57k8zl6\nFuZr3f3Hy+xrK1OX35HkI0meXVX3VtUrk/yzqvpkVd2W5NIk/2CZgwMAe9a+R8akLm5XH/vkYjzr\n5UnOT/L0JE+sqlcsc6BNTwN19xUn2PzmZQ4GAOysCacVP9jdB07y/I8m+fPu/nKSVNW7k7wgye9v\n90CW2wcAdsLnk1xcVU+oqkrykiR3LrMjy+0DwEhmMsC2u2+qqncmuSXJw0k+keTgMvvaO8VKbW1O\n90b+/J9evHTb86/5yErHhim8af8FK7RepW1y18EfWrrthVd/bKVjA/PV3W9I8oZV97N3ihUA4OR2\nYSn8KRizAgDMmmQFAEYiWQEAmJZkBQBGIlkBAJiWZAUABmI2EADAxBQrAMCsKVYAgFkzZgUARmLM\nCgDAtBQrAMCsOQ0EAKMY9EKGe6dY6dU+/fOv+ciaOrJ3/PrnPrpS+9efd/GaesLoLrz6Y0u3/cAX\nb1267U88/aKl2wJ7x94pVgCAzQ2YrBizAgDMmmQFAEYiWQEAmJZkBQAGURlzNpBkBQCYNckKAIxE\nsgIAMC3JCgCMYtAVbCUrAMCsSVYAYCSSFQCAaUlWAGAkkhUAgGlJVgb2+vN/ZKX2h9777KXbPu3y\nT690bE4dP/H0i5Zu+8Qbn7rSsb/xoi+v1H7XVC3ftgf8bzfDU6wAwEBMXQYAmJhkBQBGIlkBAJiW\nZAUARtGRrAAATE2yAgADMRsIAGBikhUAGIlkBQBgWpIVABiIMSsAABOTrADASCQrAADTkqwAwCgG\nXcFWsTKyXu0b+7TLP71846qVjn31Z/5s6bYHL3zmSsdm7/jGi768Uvt/+RcfWrrtq77/hSsdeyUr\n/m7DXuM0EAAwa5IVABhELW6jkawAALMmWQGAkQw4pEmyAgDMmmQFAAZiuX0AgIlJVgBgJJIVAIBp\nKVYAYCQ90W0LquqvVNU7q+rTVXVnVf3IMm/JaSAAYKf8dpL3d/fPVtXpSZ6wzE4UKwAwip7PbKCq\nekqSFyX5u0nS3d9K8q1l9uU0EACwjH1VdfMxt6uPe/78JF9O8v9U1Seq6l9V1ROXOZBkBQBGMl2y\n8mB3HzjJ849O8rwkv9DdN1XVbye5Jsk/3u6BFCvsjBUvYX/wwmeuqSN7x1M+9L0rtf/aC7+ypp6c\nOl71/S9cuu0L/tNSafZ/9+EfPH2l9rAH3Jvk3u6+afH4nTlarGybYgUABjKXMSvd/aWq+kJVPbu7\nP5PkJUk+tcy+FCsAwE75hSRvX8wE+myS/2OZnShWAIAd0d23JjnZuJYtUawAwEhmchponTadulxV\n51bVB6vqU1V1R1W9drH9zKq6vqruXvw8Y+e7CwCcarayzsrDSV7X3c9JcnGSV1fVc3J0RO8N3b0/\nyQ1ZcoQvALA+1dPcprRpsdLd93f3LYv7X09yZ5JnJLk8yVsXL3trkp/eqU4CAKeubY1Zqarzkjw3\nyU1Jzuru+xdPfSnJWRu0uTrJ1UnyuOUuCQAAbMU2LjK4l2x5uf2qelKSdyX5xe7+y2Of6+4NP57u\nPtjdB7r7wGPy2JU6CwCcerZUrFTVY3K0UHl7d797sfmBqjp78fzZSQ7tTBcBgC3riW4T2spsoEry\n5iR3dvdvHvPUdUmuWty/Ksl71989AOBUt5UxK5ckuTLJJ6vq1sW2X0nyxiR/WFWvTPIXSX5uZ7oI\nAGxFZT7L7a/TpsVKd38oR9//ibxkvd0BAPhOVrAFgJEMmKxseTYQAMBukKxsRW10Fmxr7nnbRUu3\nveDKT6x0bPaOr73wK7vdBbbhwz94+krtH/qjC5due+bL7lrp2IyterxoRbICAMyaZAUARnGqr2AL\nALAbFCsAwKw5DQQAAxlxUTjJCgAwa5IVABiJZAUAYFqSFQAYiDErAAATk6wAwEgkKwAA05KsAMAo\n2pgVAIDJSVa2YsXLbV9w5SfW1JG94+63PW+l9vt//pY19YShVa3WfsXf7VWc+bK7lm775euevXTb\np/7UZ5Zuyx4hWQEAmJZkBQAGUTFmBQBgcpIVABjJLo7F2imSFQBg1hQrAMCsOQ0EAAMxwBYAYGKS\nFQAYRceicAAAU5OsAMBA6shu92D9JCsAwKxJVgBgJMasAABMS7KyBQ/+2wtXar/vJ5e/FPxetf/n\nb9ntLnAqGHBZ8a146k99Zum2T7zxqSsd+xsv+vJK7dl51lkBAJiYZAUARtEZMnGUrAAAsyZZAYCB\nGLMCADAxyQoAjESyAgAwLcUKADBrTgMBwCAqBtgCAExOsgIAo+i2KBwAwHZU1WlV9Ymq+qNl9yFZ\nAYCBzHDMymuT3Jnke5bdgWQFANgRVXVOkv89yb9aZT+SFQAYyXTJyr6quvmYxwe7++Bxr/kXSX4p\nyZNXOZBiZQv2/eRdu90FtuNRp63U/Iz/8JSl2371kodWOjbstG+86Msrtf+bt/2Xpdv+yQ88fqVj\nMzsPdveBjZ6sqpclOdTdH6+qF69yIMUKAAxkRmNWLknyU1X10iSPS/I9VfX73f2K7e7ImBUAYO26\n+5e7+5zuPi/Jy5P8/8sUKolkBQDG0UmOzCdaWRfFCgCwo7r73yf598u2V6wAwEjGC1aMWQEA5k2y\nAgADmdFsoLWRrAAAs6ZYAQBmzWkgABhJj3ceSLICAMyaZAUABmKALQDAxCQrADCKzpCLwk1frFQt\n1ezu33n+Sofd/+qbVmrPHnLk8ErNv3rJQ2vqCIznT37g8Uu3/fM/+IGVjn3+y29bqT17l2QFAAZR\nScpsIACAaUlWAGAkR3a7A+snWQEAZm3TYqWqzq2qD1bVp6rqjqp67WL7r1bVfVV16+L20p3vLgBw\nMtU9yW1KWzkN9HCS13X3LVX15CQfr6rrF8/9Vnf/853rHgBwqtu0WOnu+5Pcv7j/9aq6M8kzdrpj\nAMA2DbrOyrbGrFTVeUmem+SRRUteU1W3VdW1VXXGBm2urqqbq+rmb+ebK3UWADj1bLlYqaonJXlX\nkl/s7r9M8qYkz0pyUY4mL79xonbdfbC7D3T3gcfksWvoMgBwYn30qstT3Ca0pWKlqh6To4XK27v7\n3UnS3Q909+HuPpLk95KstsQsAMAJbDpmpaoqyZuT3Nndv3nM9rMX41mS5GeS3L4zXQQAtmrEqy5v\nZTbQJUmuTPLJqrp1se1XklxRVRfl6FCezyX5ezvSQwDglLaV2UAfytHLDRzvfevvDgDAd7LcPgCM\nxIUMAQCmNX2ysmTFt//VN23+IliHR522dNMv/PIPL9323F/78NJtYS84/+W3rdT+z37j4qXbPut1\nH13p2HtGJ+VChgAA0zJmBQBGYswKAMC0JCsAMJLxghXJCgAwb5IVABhIGbMCADAtyQoAjESyAgAw\nLckKAIyik1jBFgBgWpIVABhEpc0GAgCYmmIFAJg1p4EYzmkffPpK7Q9f+sWl2577ax9e6djAxp71\nuo8u3fZ/+fhq/9zd+dcfXqn9pJwGAgCYlmQFAEYiWQEAmJZkBQBGYVE4AIDpSVYAYCAWhQMAmJhk\nBQBGIlkBAJiWZAUAhtGSFQCAqUlWAGAUHckKAMBWVNW5VfXBqvpUVd1RVa9ddl+SFQAYyXxWsH04\nyeu6+5aqenKSj1fV9d39qe3uSLICAKxdd9/f3bcs7n89yZ1JnrHMviQrM/f5f/PXlm77fX/nk2vs\nyd5x+NIv7nYXgJm5868/vFL7b13//Uu161edvtJxR1FV5yV5bpKblmmvWAGAgUy43P6+qrr5mMcH\nu/vgd/Wn6klJ3pXkF7v7L5c5kGIFAFjGg9194GQvqKrH5Gih8vbufveyB1KsAMBIZjJ1uaoqyZuT\n3Nndv7nKvgywBQB2wiVJrkzyv1XVrYvbS5fZkWQFAEbRSY7MI1np7g8lqXXsS7ICAMyaZAUAhuFC\nhgAAk5OsAMBIJCsAANOSrADASCQrAADTkqwAwChmtM7KOklWAIBZmzRZ+Xq++uC/63f+xUlesi/J\ng1P1Z0/42Xdu9ooNP7O71t6ZYfiebZ/PbPt8Ztsz78/rR5du+f1r7MUWdNJHpj3kBCYtVrr7qSd7\nvqpu3uwKjnwnn9n2+cy2z2e2fT6z7fF5cTJOAwEAs2aALQCMxNTlHXdwtzuwB/nMts9ntn0+s+3z\nmW2Pz4sNVQ9YgQHAqegpp5/VL/ifrpjkWO//wm9/fKpxRnNLVgAAvoMxKwAwkgHPmMwiWamqy6rq\nM1V1T1Vds9v92Quq6nNV9cmqurWqbt7t/sxRVV1bVYeq6vZjtp1ZVddX1d2Ln2fsZh/nZoPP7Fer\n6r7Fd+3WqnrpbvZxbqrq3Kr6YFV9qqruqKrXLrb7rm3gJJ+Z7xontOvFSlWdluR3k/ytJM9JckVV\nPWd3e7VnXNrdF1mbYENvSXLZcduuSXJDd+9PcsPiMf/DW/Ldn1mS/Nbiu3ZRd79v4j7N3cNJXtfd\nz0lycZJXL/6G+a5tbKPPLPFdW133NLcJ7XqxkuT5Se7p7s9297eS/EGSy3e5Twygu29M8tBxmy9P\n8tbF/bcm+elJOzVzG3xmnER339/dtyzufz3JnUmeEd+1DZ3kM4MTmkOx8owkXzjm8b3xpd2KTvLH\nVfXxqrp6tzuzh5zV3fcv7n8pyVm72Zk95DVVddviNJHTGRuoqvOSPDfJTfFd25LjPrPEd21FE6Uq\np2CywnJe2N3Py9HTZ6+uqhftdof2mj46b3+8kWjr96Ykz0pyUZL7k/zG7nZnnqrqSUneleQXu/sv\nj33Od+3ETvCZ+a5xQnMoVu5Lcu4xj89ZbOMkuvu+xc9DSd6To6fT2NwDVXV2kix+Htrl/sxedz/Q\n3Ye7+0iS34vv2nepqsfk6D+6b+/udy82+66dxIk+M9+1NegkR45Mc5vQHIqVjyXZX1XnV9XpSV6e\n5Lpd7tOsVdUTq+rJj9xP8uNJbj95KxauS3LV4v5VSd67i33ZEx75B3fhZ+K79h2qqpK8Ocmd3f2b\nxzzlu7aBjT4z3zU2suvrrHT3w1X1miQfSHJakmu7+45d7tbcnZXkPUd/3/PoJP+6u9+/u12an6p6\nR5IXJ9lXVfcmeUOSNyb5w6p6ZZK/SPJzu9fD+dngM3txVV2Uo/9n+1ySv7drHZynS5JcmeSTVXXr\nYtuvxHftZDb6zK7wXVuDAddZsdw+AAziKY95Wr/ge392kmO9/4E3Tbbc/q4nKwDAGg0YQsxhzAoA\nwIYUKwDArDkNBADD6OSI00AAAJOSrADAKDo5uqbeWCQrAMCsSVYAYCTGrAAATEuyAgAjsSgcAMC0\nJCsAMIru5IjZQAAAk5KsAMBIjFkBAJiWZAUABtLGrAAATEuyAgDDaGNWAACmplgBAGbNaSAAGEXH\nhQwBAKYmWQGAkbSpywAAk5KsAMAgOkkbswIAMC3JCgCMotuYFQCAqSlWAGAgfaQnuW1FVV1WVZ+p\nqnuq6ppl35NiBQBYu6o6Lcn3haX8AAAA00lEQVTvJvlbSZ6T5Iqqes4y+zJmBQBGMp8xK89Pck93\nfzZJquoPklye5FPb3ZFkBQDYCc9I8oVjHt+72LZtkhUAGMTX89UP/Lt+576JDve4qrr5mMcHu/vg\nThxIsQIAg+juy3a7D8e4L8m5xzw+Z7Ft25wGAgB2wseS7K+q86vq9CQvT3LdMjuSrAAAa9fdD1fV\na5J8IMlpSa7t7juW2Vd1j3cNAQBgHE4DAQCzplgBAGZNsQIAzJpiBQCYNcUKADBrihUAYNYUKwDA\nrClWAIBZ+2/WCg8W4/7aEAAAAABJRU5ErkJggg==\n",
      "text/plain": [
       "<matplotlib.figure.Figure at 0x7f265195c2e8>"
      ]
     },
     "metadata": {},
     "output_type": "display_data"
    }
   ],
   "source": [
    "visualize_matrix(np.abs(np.linalg.inv(roll)))"
   ]
  },
  {
   "cell_type": "code",
   "execution_count": 5,
   "metadata": {},
   "outputs": [
    {
     "name": "stdout",
     "output_type": "stream",
     "text": [
      "1\n"
     ]
    }
   ],
   "source": [
    "data.k=1\n",
    "lm = LabelModel(k=data.k, class_balance=data.p)\n",
    "\n",
    "squashed_O = R @ data.O_true @ R.T"
   ]
  },
  {
   "cell_type": "code",
   "execution_count": 6,
   "metadata": {
    "scrolled": true
   },
   "outputs": [
    {
     "name": "stdout",
     "output_type": "stream",
     "text": [
      "our k is 1\n",
      "Estimating Z...\n",
      "[Epoch 0] Loss: 787.464600\n",
      "[Epoch 5000] Loss: 0.058140\n",
      "[Epoch 10000] Loss: 0.058140\n",
      "[Epoch 15000] Loss: 0.058140\n",
      "[Epoch 20000] Loss: 0.058140\n",
      "[Epoch 25000] Loss: 0.058140\n",
      "[Epoch 30000] Loss: 0.058140\n",
      "[Epoch 35000] Loss: 0.058140\n",
      "[Epoch 40000] Loss: 0.058140\n",
      "[Epoch 45000] Loss: 0.058140\n",
      "[Epoch 49999] Loss: 0.058140\n",
      "Estimating \\mu...\n",
      "[Epoch 0] Loss: 1073.772705\n",
      "[Epoch 5000] Loss: 0.000000\n",
      "[Epoch 10000] Loss: 0.000000\n",
      "[Epoch 15000] Loss: 0.000000\n",
      "[Epoch 20000] Loss: 0.000000\n",
      "[Epoch 25000] Loss: 0.000000\n",
      "[Epoch 30000] Loss: 0.000000\n",
      "[Epoch 35000] Loss: 0.000000\n",
      "[Epoch 40000] Loss: 0.000000\n",
      "[Epoch 45000] Loss: 0.000000\n",
      "[Epoch 49999] Loss: 0.000000\n",
      "Average absolute error: 0.3322026306331677\n",
      "Average absolute error -- cols swapped: 0.3322026306331677\n"
     ]
    }
   ],
   "source": [
    "# Get the exact O_inv\n",
    "O_inv = np.linalg.inv(data.O_true)\n",
    "\n",
    "# Generate c_data: clique data structure\n",
    "# Normally this is assembled while computing O, but if we pass in O\n",
    "# ourselves, we need to construct this data structure too...\n",
    "\n",
    "data.k = 1\n",
    "\n",
    "lm.train(\n",
    "    data.L,\n",
    "    deps=data.E,\n",
    "    all_unary_cliques=True,\n",
    "    higher_order_cliques=True,\n",
    "    n_epochs=50000,\n",
    "    print_every=5000,\n",
    "    lr=0.001,\n",
    "    l2=0,\n",
    "    O_inv_prec=1024,\n",
    "    O=squashed_O,\n",
    "    #O_inv=O_inv,\n",
    "    c_data=data.c_tree.c_data_1\n",
    ")\n",
    "\n",
    "ZZ_true = np.abs(np.linalg.inv(squashed_O) - np.linalg.inv(roll))\n",
    "ZZ = np.abs(lm.Z.detach().numpy() @ lm.Z.detach().numpy().T)\n",
    "\n",
    "#print(np.abs(ZZ_true - ZZ))\n",
    "\n",
    "mu_est = lm.mu.detach().numpy() # Note: we can swap column order\n",
    "mu_est_swapped = lm.mu.detach().numpy()[:,::-1] # Note: we can swap column order\n",
    "print(f\"Average absolute error: {np.mean(np.abs(mu_est -R_mu))}\")\n",
    "print(f\"Average absolute error -- cols swapped: {np.mean(np.abs(mu_est_swapped - R_mu))}\")"
   ]
  },
  {
   "cell_type": "code",
   "execution_count": 7,
   "metadata": {},
   "outputs": [
    {
     "name": "stdout",
     "output_type": "stream",
     "text": [
      "mu_est\n",
      "[[-0.17494003]\n",
      " [-0.1012973 ]\n",
      " [ 0.21297917]\n",
      " [ 0.25409067]\n",
      " [ 0.10396322]\n",
      " [-0.26736084]\n",
      " [-0.11769985]\n",
      " [ 0.24854188]\n",
      " [ 0.31910253]\n",
      " [ 0.1023389 ]\n",
      " [-0.0748187 ]\n",
      " [ 0.02857596]\n",
      " [-0.18400252]\n",
      " [-0.28874478]\n",
      " [-0.13334401]\n",
      " [-0.11928535]\n",
      " [ 0.19710033]\n",
      " [-0.11631187]\n",
      " [ 0.23980275]\n",
      " [ 0.0864536 ]\n",
      " [-0.27648407]\n",
      " [ 0.09031324]\n",
      " [ 0.29084453]\n",
      " [ 0.22842588]\n",
      " [ 0.01879531]\n",
      " [-0.09557265]\n",
      " [-0.14496298]\n",
      " [-0.06749635]\n",
      " [-0.23058803]]\n",
      "\n",
      "R_mu\n",
      " [[ 0.17336605]\n",
      " [ 0.10741031]\n",
      " [-0.22101762]\n",
      " [-0.24842976]\n",
      " [-0.09425551]\n",
      " [ 0.25584557]\n",
      " [ 0.11461263]\n",
      " [-0.26712011]\n",
      " [-0.32921171]\n",
      " [-0.10208187]\n",
      " [ 0.06554064]\n",
      " [-0.01669844]\n",
      " [ 0.19021976]\n",
      " [ 0.29865679]\n",
      " [ 0.13192383]\n",
      " [ 0.11682541]\n",
      " [-0.2053919 ]\n",
      " [ 0.11309   ]\n",
      " [-0.25607953]\n",
      " [-0.08590931]\n",
      " [ 0.28600031]\n",
      " [-0.08112996]\n",
      " [-0.29861509]\n",
      " [-0.22288903]\n",
      " [-0.0070916 ]\n",
      " [ 0.1008469 ]\n",
      " [ 0.15044619]\n",
      " [ 0.05814728]\n",
      " [ 0.22078591]]\n",
      "\n",
      "Average absolute error: 0.007508956246242508\n"
     ]
    }
   ],
   "source": [
    "print(\"mu_est\")\n",
    "print(mu_est)\n",
    "\n",
    "#mu_comb = mu_est[:,0]+mu_est[:,1]\n",
    "\n",
    "print(\"\\nR_mu\\n\", np.array(R_mu))\n",
    "print(f\"\\nAverage absolute error: {np.mean(np.abs(np.abs(mu_est)-np.abs(R_mu)))}\")\n"
   ]
  },
  {
   "cell_type": "code",
   "execution_count": 8,
   "metadata": {},
   "outputs": [
    {
     "name": "stdout",
     "output_type": "stream",
     "text": [
      "[[9.51448611e-04 1.32678533e-03 6.41057204e-04 1.41801304e-03\n",
      "  1.58871169e-03 5.12409124e-03 6.42922810e-04 5.04051461e-03\n",
      "  4.50719182e-03 2.81815065e-04 2.89312434e-04 6.94959636e-04\n",
      "  5.78768594e-04 6.33833298e-04 2.76693290e-03 3.66299499e-03\n",
      "  2.25194750e-03 1.64154741e-03 1.27695860e-03 9.00949353e-04\n",
      "  1.09370526e-03 1.45590594e-03 3.15238379e-03 1.28154193e-03\n",
      "  2.15627294e-03 2.35868005e-04 1.05005283e-04 1.95398607e-03\n",
      "  1.70749770e-03]\n",
      " [1.32678533e-03 5.70641723e-04 8.54143623e-04 2.28818028e-03\n",
      "  8.15268390e-04 2.09933360e-03 5.06350451e-04 2.01196187e-03\n",
      "  3.52795427e-03 2.16207114e-03 7.75460283e-04 1.00607374e-03\n",
      "  2.51786072e-03 1.58240202e-03 2.40326036e-03 1.24242633e-03\n",
      "  1.38974727e-03 6.11495275e-04 1.37138784e-03 1.55142306e-03\n",
      "  1.77848572e-03 2.29972592e-04 2.21568041e-04 4.50755697e-04\n",
      "  1.26711877e-03 4.36571659e-04 5.90830276e-04 4.72874976e-04\n",
      "  5.48037990e-04]\n",
      " [6.41057204e-04 8.54143623e-04 4.31269696e-04 9.60522483e-04\n",
      "  1.04740290e-03 3.36948693e-03 4.10114977e-04 3.24749296e-03\n",
      "  2.87545963e-03 1.47867760e-04 1.75545975e-04 4.68849473e-04\n",
      "  3.35288571e-04 3.86507278e-04 1.76131834e-03 2.36359900e-03\n",
      "  1.44280960e-03 1.07844077e-03 8.53644552e-04 5.60866136e-04\n",
      "  6.82585547e-04 9.43781950e-04 2.04805736e-03 8.26668630e-04\n",
      "  1.38255634e-03 1.60690676e-04 7.80562475e-05 1.26395905e-03\n",
      "  1.12032038e-03]\n",
      " [1.41801304e-03 2.28818028e-03 9.60522483e-04 2.07347146e-03\n",
      "  2.54752165e-03 8.28460652e-03 1.13829239e-03 8.67287983e-03\n",
      "  7.97717205e-03 7.48016555e-04 5.82526115e-04 1.03100136e-03\n",
      "  1.28942272e-03 1.26125858e-03 4.92761456e-03 6.27446924e-03\n",
      "  3.93779184e-03 2.66188514e-03 1.95569105e-03 1.70320326e-03\n",
      "  2.05413514e-03 2.45999958e-03 5.29100682e-03 2.19726140e-03\n",
      "  3.76233102e-03 3.37710817e-04 9.94470619e-05 3.32267306e-03\n",
      "  2.78012670e-03]\n",
      " [1.58871169e-03 8.15268390e-04 1.04740290e-03 2.54752165e-03\n",
      "  1.84296204e-03 5.63748872e-03 2.62123811e-04 3.18742859e-03\n",
      "  1.85022141e-03 1.00723877e-03 1.98772124e-04 1.18180711e-03\n",
      "  9.56684011e-04 3.68094900e-04 9.98485668e-04 2.44340145e-03\n",
      "  1.14013576e-03 1.77071190e-03 1.89549863e-03 1.19595259e-04\n",
      "  8.45325513e-05 1.12376727e-03 2.59307744e-03 8.45553412e-04\n",
      "  1.12847337e-03 4.56115232e-04 4.32371334e-04 1.41323311e-03\n",
      "  1.79093896e-03]\n",
      " [5.12409124e-03 2.09933360e-03 3.36948693e-03 8.28460652e-03\n",
      "  5.63748872e-03 1.70775531e-02 5.38195540e-04 8.30049349e-03\n",
      "  3.81844953e-03 3.80821870e-03 8.99282363e-04 3.81979141e-03\n",
      "  3.81376814e-03 1.72733830e-03 1.84911039e-03 6.48998820e-03\n",
      "  2.68521157e-03 5.34369948e-03 6.02393620e-03 1.00064019e-03\n",
      "  9.96144705e-04 3.12951233e-03 7.35224443e-03 2.23708407e-03\n",
      "  2.70367091e-03 1.49469042e-03 1.49185684e-03 3.85782438e-03\n",
      "  5.37489665e-03]\n",
      " [6.42922810e-04 5.06350451e-04 4.10114977e-04 1.13829239e-03\n",
      "  2.62123811e-04 5.38195540e-04 3.78554469e-04 1.83328363e-03\n",
      "  2.64121083e-03 1.29025619e-03 4.87691295e-04 4.91024316e-04\n",
      "  1.53575484e-03 1.00093535e-03 1.75903974e-03 1.20495491e-03\n",
      "  1.10351650e-03 1.37039579e-04 6.25675266e-04 1.01834710e-03\n",
      "  1.17545251e-03 3.26023294e-04 5.45754222e-04 4.30885198e-04\n",
      "  1.01978530e-03 2.21771257e-04 3.28491133e-04 5.32730333e-04\n",
      "  9.15341258e-05]\n",
      " [5.04051461e-03 2.01196187e-03 3.24749296e-03 8.67287983e-03\n",
      "  3.18742859e-03 8.30049349e-03 1.83328363e-03 7.06118711e-03\n",
      "  1.27707639e-02 8.04922545e-03 2.87007174e-03 3.81973728e-03\n",
      "  9.35129553e-03 5.85275551e-03 8.72675948e-03 4.31098648e-03\n",
      "  4.98791900e-03 2.43115634e-03 5.23632771e-03 5.71306814e-03\n",
      "  6.54375052e-03 7.28090431e-04 5.44321359e-04 1.56829564e-03\n",
      "  4.53854038e-03 1.65162041e-03 2.21596515e-03 1.59050269e-03\n",
      "  2.20009059e-03]\n",
      " [4.50719182e-03 3.52795427e-03 2.87545963e-03 7.97717205e-03\n",
      "  1.85022141e-03 3.81844953e-03 2.64121083e-03 1.27707639e-02\n",
      "  1.84277653e-02 9.02229569e-03 3.40832860e-03 3.44197826e-03\n",
      "  1.07364261e-02 6.99481977e-03 1.22753074e-02 8.39011236e-03\n",
      "  7.69537642e-03 9.75821649e-04 4.38996713e-03 7.11380847e-03\n",
      "  8.21072461e-03 2.26522196e-03 3.78440967e-03 3.00055497e-03\n",
      "  7.11068481e-03 1.55375157e-03 2.29887574e-03 3.70589322e-03\n",
      "  6.58206267e-04]\n",
      " [2.81815065e-04 2.16207114e-03 1.47867760e-04 7.48016555e-04\n",
      "  1.00723877e-03 3.80821870e-03 1.29025619e-03 8.04922545e-03\n",
      "  9.02229569e-03 2.61325854e-03 1.15857751e-03 2.44854949e-04\n",
      "  3.33788211e-03 2.41528671e-03 5.78936212e-03 5.61758752e-03\n",
      "  4.11422752e-03 1.28442691e-03 5.37818929e-05 2.69661437e-03\n",
      "  3.16287612e-03 1.95430849e-03 3.93984264e-03 1.98234877e-03\n",
      "  3.87232449e-03 1.83489150e-04 5.00144769e-04 2.79622963e-03\n",
      "  1.42893358e-03]\n",
      " [2.89312434e-04 7.75460283e-04 1.75545975e-04 5.82526115e-04\n",
      "  1.98772124e-04 8.99282363e-04 4.87691295e-04 2.87007174e-03\n",
      "  3.40832860e-03 1.15857751e-03 4.86132994e-04 2.29319078e-04\n",
      "  1.44320484e-03 1.00830152e-03 2.20799507e-03 1.97872683e-03\n",
      "  1.52130268e-03 3.17820797e-04 1.88960663e-04 1.09338811e-03\n",
      "  1.27625077e-03 6.57982568e-04 1.29009838e-03 7.00110754e-04\n",
      "  1.42570505e-03 1.24148440e-04 2.48345511e-04 9.63060583e-04\n",
      "  3.73455681e-04]\n",
      " [6.94959636e-04 1.00607374e-03 4.68849473e-04 1.03100136e-03\n",
      "  1.18180711e-03 3.81979141e-03 4.91024316e-04 3.81973728e-03\n",
      "  3.44197826e-03 2.44854949e-04 2.29319078e-04 5.07048802e-04\n",
      "  4.73510794e-04 5.00620818e-04 2.11663174e-03 2.77248893e-03\n",
      "  1.71403591e-03 1.22463614e-03 9.38967414e-04 7.00941769e-04\n",
      "  8.49305100e-04 1.09793413e-03 2.37307013e-03 9.70233463e-04\n",
      "  1.64024374e-03 1.70639735e-04 6.99130606e-05 1.47605588e-03\n",
      "  1.27517956e-03]\n",
      " [5.78768594e-04 2.51786072e-03 3.35288571e-04 1.28942272e-03\n",
      "  9.56684011e-04 3.81376814e-03 1.53575484e-03 9.35129553e-03\n",
      "  1.07364261e-02 3.33788211e-03 1.44320484e-03 4.73510794e-04\n",
      "  4.21466274e-03 3.00180558e-03 6.91717994e-03 6.49394883e-03\n",
      "  4.85206213e-03 1.30561794e-03 2.14590297e-04 3.30837571e-03\n",
      "  3.87216962e-03 2.21872001e-03 4.42446125e-03 2.29406760e-03\n",
      "  4.55858846e-03 2.91342582e-04 6.74248969e-04 3.20332750e-03\n",
      "  1.47897099e-03]\n",
      " [6.33833298e-04 1.58240202e-03 3.86507278e-04 1.26125858e-03\n",
      "  3.68094900e-04 1.72733830e-03 1.00093535e-03 5.85275551e-03\n",
      "  6.99481977e-03 2.41528671e-03 1.00830152e-03 5.00620818e-04\n",
      "  3.00180558e-03 2.09033002e-03 4.53600243e-03 4.02944718e-03\n",
      "  3.11491114e-03 6.15558006e-04 4.33679326e-04 2.26030637e-03\n",
      "  2.63706445e-03 1.33275774e-03 2.60417291e-03 1.42612967e-03\n",
      "  2.91779464e-03 2.66807017e-04 5.22696073e-04 1.95601713e-03\n",
      "  7.29965086e-04]\n",
      " [2.76693290e-03 2.40326036e-03 1.76131834e-03 4.92761456e-03\n",
      "  9.98485668e-04 1.84911039e-03 1.75903974e-03 8.72675948e-03\n",
      "  1.22753074e-02 5.78936212e-03 2.20799507e-03 2.11663174e-03\n",
      "  6.91717994e-03 4.53600243e-03 8.14997316e-03 5.77358345e-03\n",
      "  5.16851732e-03 4.34480849e-04 2.65481633e-03 4.64254905e-03\n",
      "  5.36457922e-03 1.61232252e-03 2.77618473e-03 2.06154412e-03\n",
      "  4.78446381e-03 9.64397387e-04 1.45485819e-03 2.58870256e-03\n",
      "  2.24251560e-04]\n",
      " [3.66299499e-03 1.24242633e-03 2.36359900e-03 6.27446924e-03\n",
      "  2.44340145e-03 6.48998820e-03 1.20495491e-03 4.31098648e-03\n",
      "  8.39011236e-03 5.61758752e-03 1.97872683e-03 2.77248893e-03\n",
      "  6.49394883e-03 4.02944718e-03 5.77358345e-03 2.55654448e-03\n",
      "  3.21367508e-03 1.91898916e-03 3.84243901e-03 3.89694295e-03\n",
      "  4.45560966e-03 3.23998770e-04 2.34719027e-05 9.36614315e-04\n",
      "  2.91034265e-03 1.19048038e-03 1.57003606e-03 8.65648481e-04\n",
      "  1.76517604e-03]\n",
      " [2.25194750e-03 1.38974727e-03 1.44280960e-03 3.93779184e-03\n",
      "  1.14013576e-03 2.68521157e-03 1.10351650e-03 4.98791900e-03\n",
      "  7.69537642e-03 4.11422752e-03 1.52130268e-03 1.71403591e-03\n",
      "  4.85206213e-03 3.11491114e-03 5.16851732e-03 3.21367508e-03\n",
      "  3.14699675e-03 7.45999124e-04 2.25643394e-03 3.12174985e-03\n",
      "  3.59341712e-03 7.83586123e-04 1.17946977e-03 1.15442902e-03\n",
      "  2.89431036e-03 7.59722304e-04 1.08013495e-03 1.35897338e-03\n",
      "  6.11250949e-04]\n",
      " [1.64154741e-03 6.11495275e-04 1.07844077e-03 2.66188514e-03\n",
      "  1.77071190e-03 5.34369948e-03 1.37039579e-04 2.43115634e-03\n",
      "  9.75821649e-04 1.28442691e-03 3.17820797e-04 1.22463614e-03\n",
      "  1.30561794e-03 6.15558006e-04 4.34480849e-04 1.91898916e-03\n",
      "  7.45999124e-04 1.66959723e-03 1.91949953e-03 3.91366091e-04\n",
      "  4.02429275e-04 9.45572210e-04 2.23891849e-03 6.60238939e-04\n",
      "  7.58369075e-04 4.81552069e-04 4.89135523e-04 1.15525367e-03\n",
      "  1.67567295e-03]\n",
      " [1.27695860e-03 1.37138784e-03 8.53644552e-04 1.95569105e-03\n",
      "  1.89549863e-03 6.02393620e-03 6.25675266e-04 5.23632771e-03\n",
      "  4.38996713e-03 5.37818929e-05 1.88960663e-04 9.38967414e-04\n",
      "  2.14590297e-04 4.33679326e-04 2.65481633e-03 3.84243901e-03\n",
      "  2.25643394e-03 1.91949953e-03 1.64462545e-03 7.34436531e-04\n",
      "  9.09298682e-04 1.57183994e-03 3.45013938e-03 1.34160406e-03\n",
      "  2.17132050e-03 3.34765928e-04 2.16069628e-04 2.08181461e-03\n",
      "  1.98173160e-03]\n",
      " [9.00949353e-04 1.55142306e-03 5.60866136e-04 1.70320326e-03\n",
      "  1.19595259e-04 1.00064019e-03 1.01834710e-03 5.71306814e-03\n",
      "  7.11380847e-03 2.69661437e-03 1.09338811e-03 7.00941769e-04\n",
      "  3.30837571e-03 2.26030637e-03 4.64254905e-03 3.89694295e-03\n",
      "  3.12174985e-03 3.91366091e-04 7.34436531e-04 2.40346753e-03\n",
      "  2.79606240e-03 1.24287106e-03 2.37055750e-03 1.38203970e-03\n",
      "  2.91537302e-03 3.48213447e-04 6.14868397e-04 1.85854697e-03\n",
      "  5.09183233e-04]\n",
      " [1.09370526e-03 1.77848572e-03 6.82585547e-04 2.05413514e-03\n",
      "  8.45325513e-05 9.96144705e-04 1.17545251e-03 6.54375052e-03\n",
      "  8.21072461e-03 3.16287612e-03 1.27625077e-03 8.49305100e-04\n",
      "  3.87216962e-03 2.63706445e-03 5.36457922e-03 4.45560966e-03\n",
      "  3.59341712e-03 4.02429275e-04 9.09298682e-04 2.79606240e-03\n",
      "  3.25117375e-03 1.41087686e-03 2.67772015e-03 1.58078926e-03\n",
      "  3.35397743e-03 4.18049692e-04 7.27169147e-04 2.11766778e-03\n",
      "  5.38721338e-04]\n",
      " [1.45590594e-03 2.29972592e-04 9.43781950e-04 2.45999958e-03\n",
      "  1.12376727e-03 3.12951233e-03 3.26023294e-04 7.28090431e-04\n",
      "  2.26522196e-03 1.95430849e-03 6.57982568e-04 1.09793413e-03\n",
      "  2.21872001e-03 1.33275774e-03 1.61232252e-03 3.23998770e-04\n",
      "  7.83586123e-04 9.45572210e-04 1.57183994e-03 1.24287106e-03\n",
      "  1.41087686e-03 1.17563528e-04 5.12594269e-04 1.28366262e-04\n",
      "  6.90929001e-04 4.61438740e-04 5.75596254e-04 4.45249742e-06\n",
      "  9.01376609e-04]\n",
      " [3.15238379e-03 2.21568041e-04 2.04805736e-03 5.29100682e-03\n",
      "  2.59307744e-03 7.35224443e-03 5.45754222e-04 5.44321359e-04\n",
      "  3.78440967e-03 3.93984264e-03 1.29009838e-03 2.37307013e-03\n",
      "  4.42446125e-03 2.60417291e-03 2.77618473e-03 2.34719027e-05\n",
      "  1.17946977e-03 2.23891849e-03 3.45013938e-03 2.37055750e-03\n",
      "  2.67772015e-03 5.12594269e-04 1.63705658e-03 2.24558719e-05\n",
      "  1.00807689e-03 9.86834297e-04 1.19556765e-03 3.74709500e-04\n",
      "  2.16096834e-03]\n",
      " [1.28154193e-03 4.50755697e-04 8.26668630e-04 2.19726140e-03\n",
      "  8.45553412e-04 2.23708407e-03 4.30885198e-04 1.56829564e-03\n",
      "  3.00055497e-03 1.98234877e-03 7.00110755e-04 9.70233463e-04\n",
      "  2.29406760e-03 1.42612967e-03 2.06154412e-03 9.36614315e-04\n",
      "  1.15442902e-03 6.60238939e-04 1.34160406e-03 1.38203970e-03\n",
      "  1.58078926e-03 1.28366262e-04 2.24558719e-05 3.42548482e-04\n",
      "  1.04660402e-03 4.17218589e-04 5.52247109e-04 3.24095104e-04\n",
      "  6.05393294e-04]\n",
      " [2.15627294e-03 1.26711877e-03 1.38255634e-03 3.76233102e-03\n",
      "  1.12847337e-03 2.70367091e-03 1.01978530e-03 4.53854038e-03\n",
      "  7.11068481e-03 3.87232449e-03 1.42570505e-03 1.64024374e-03\n",
      "  4.55858846e-03 2.91779464e-03 4.78446381e-03 2.91034265e-03\n",
      "  2.89431036e-03 7.58369075e-04 2.17132050e-03 2.91537302e-03\n",
      "  3.35397743e-03 6.90929001e-04 1.00807689e-03 1.04660402e-03\n",
      "  2.65908498e-03 7.24617889e-04 1.02257266e-03 1.21724754e-03\n",
      "  6.33428125e-04]\n",
      " [2.35868005e-04 4.36571659e-04 1.60690676e-04 3.37710817e-04\n",
      "  4.56115232e-04 1.49469042e-03 2.21771257e-04 1.65162041e-03\n",
      "  1.55375157e-03 1.83489150e-04 1.24148440e-04 1.70639735e-04\n",
      "  2.91342582e-04 2.66807017e-04 9.64397387e-04 1.19048038e-03\n",
      "  7.59722304e-04 4.81552069e-04 3.34765928e-04 3.48213447e-04\n",
      "  4.18049692e-04 4.61438740e-04 9.86834297e-04 4.17218589e-04\n",
      "  7.24617889e-04 5.36851739e-05 6.26831127e-06 6.26604855e-04\n",
      "  5.04812807e-04]\n",
      " [1.05005283e-04 5.90830276e-04 7.80562475e-05 9.94470619e-05\n",
      "  4.32371334e-04 1.49185684e-03 3.28491133e-04 2.21596515e-03\n",
      "  2.29887574e-03 5.00144769e-04 2.48345511e-04 6.99130606e-05\n",
      "  6.74248969e-04 5.22696073e-04 1.45485819e-03 1.57003606e-03\n",
      "  1.08013495e-03 4.89135523e-04 2.16069628e-04 6.14868397e-04\n",
      "  7.27169147e-04 5.75596254e-04 1.19556765e-03 5.52247109e-04\n",
      "  1.02257266e-03 6.26831128e-06 6.99919670e-05 8.02661282e-04\n",
      "  5.24945600e-04]\n",
      " [1.95398607e-03 4.72874976e-04 1.26395905e-03 3.32267306e-03\n",
      "  1.41323311e-03 3.85782438e-03 5.32730333e-04 1.59050269e-03\n",
      "  3.70589322e-03 2.79622963e-03 9.63060583e-04 1.47605588e-03\n",
      "  3.20332750e-03 1.95601713e-03 2.58870256e-03 8.65648481e-04\n",
      "  1.35897338e-03 1.15525367e-03 2.08181461e-03 1.85854697e-03\n",
      "  2.11766778e-03 4.45249742e-06 3.74709500e-04 3.24095104e-04\n",
      "  1.21724754e-03 6.26604855e-04 8.02661282e-04 2.10951884e-04\n",
      "  1.08539463e-03]\n",
      " [1.70749770e-03 5.48037990e-04 1.12032038e-03 2.78012670e-03\n",
      "  1.79093896e-03 5.37489665e-03 9.15341258e-05 2.20009059e-03\n",
      "  6.58206267e-04 1.42893358e-03 3.73455681e-04 1.27517956e-03\n",
      "  1.47897099e-03 7.29965086e-04 2.24251560e-04 1.76517604e-03\n",
      "  6.11250949e-04 1.67567295e-03 1.98173160e-03 5.09183233e-04\n",
      "  5.38721338e-04 9.01376609e-04 2.16096834e-03 6.05393294e-04\n",
      "  6.33428125e-04 5.04812807e-04 5.24945600e-04 1.08539463e-03\n",
      "  1.67634120e-03]]\n"
     ]
    },
    {
     "data": {
